1.831728 -0.000631 1
-0.069368 1.017884 -1
0.296687 -0.224581 1
-0.496681 0.909355 -1
-0.007274 1.012325 -1
0.262886 -0.175173 1
0.321775 -0.243362 1
0.137724 0.008447 1
1.878693 0.052657 1
0.048581 0.119088 1
0.459477 0.866245 -1
0.514174 -0.382011 1
0.508143 -0.325487 1
1.017744 0.245816 -1
-0.025767 1.040104 -1
0.218421 -0.096052 1
0.818555 0.608516 -1
0.108695 0.032293 1
0.768150 -0.465471 1
-1.025968 0.026294 -1
0.079116 0.116367 1
0.819641 -0.470515 1
1.254343 -0.423082 1
0.042699 0.240640 1
0.224660 -0.153726 1
-0.900591 0.603495 -1
1.762587 -0.128535 1
1.932849 0.224864 1
0.067078 0.138754 1
0.303127 0.960949 -1
-0.355619 0.936733 -1
-0.902785 0.403117 -1
-0.033003 1.045626 -1
0.912247 0.315016 -1
1.026871 -0.468780 1
-0.742651 0.643569 -1
1.019083 0.299731 -1
0.587636 0.811936 -1
0.047519 0.170205 1
-0.604803 0.764268 -1
1.679435 -0.297102 1
1.975181 0.146832 1
-0.827550 0.545936 -1
1.041059 0.051436 -1
-0.924169 0.432386 -1
1.746709 -0.170861 1
-0.913391 0.259486 -1
-0.983427 0.203319 -1
0.944306 0.241437 -1
0.322735 -0.238297 1
1.983224 0.337645 1
1.378040 -0.451850 1
0.153075 1.008453 -1
0.742618 -0.468365 1
-1.037320 0.232184 -1
0.438072 -0.304931 1
1.312282 -0.410680 1
0.392875 0.940752 -1
-0.896974 0.434792 -1
1.903264 0.001047 1
1.962893 0.439152 1
0.822501 0.551292 -1
-0.500948 0.882459 -1
1.886152 -0.019598 1
-0.028194 1.000839 -1
1.340720 -0.360636 1
0.542964 0.838284 -1
0.002347 0.511177 1
0.991509 0.004552 -1
0.647118 0.745726 -1
0.097145 -0.068389 1
-0.889970 0.524971 -1
-0.341957 0.938289 -1
1.507603 -0.393120 1
1.788756 -0.164435 1
0.070264 0.187045 1
1.921622 -0.060098 1
0.877670 -0.447752 1
-0.823164 0.657106 -1
0.008524 0.229602 1
0.655760 -0.451017 1
-0.017889 0.339141 1
0.868349 0.466107 -1
1.600307 -0.319670 1
0.168965 -0.029575 1
1.012931 0.127528 -1
-0.985461 0.222634 -1
0.576512 -0.405841 1
1.956183 0.225139 1
0.932976 0.399944 -1
1.651363 -0.243411 1
0.820960 0.633630 -1
1.963044 0.462877 1
0.695353 0.646126 -1
-0.883769 0.548463 -1
1.978301 0.352433 1
0.219867 -0.093795 1
0.069579 1.085980 -1
0.932981 -0.491504 1
1.708413 -0.166113 1
-0.642686 0.708377 -1
-0.015809 0.400654 1
0.454371 0.907426 -1
1.021682 -0.458935 1
-0.221733 0.995726 -1
0.548751 -0.363857 1
0.686137 0.705475 -1
0.934428 0.369264 -1
0.070098 1.011040 -1
0.843883 -0.516713 1
1.798110 -0.154128 1
0.949802 0.198885 -1
0.287515 -0.116777 1
-0.541509 0.816347 -1
-0.780878 0.476530 -1
0.886814 0.495443 -1
1.670996 -0.268264 1
0.062503 0.024917 1
-0.985708 0.113529 -1
1.425064 -0.381537 1
0.853114 0.520719 -1
0.398236 -0.359942 1
1.609858 -0.335768 1
0.026343 0.973879 -1
0.298262 0.941735 -1
0.760954 0.676387 -1
0.822696 0.573944 -1
0.771640 0.586298 -1
0.079707 1.045336 -1
0.252339 0.972266 -1
1.112169 -0.466224 1
0.877053 -0.472490 1
1.142483 -0.508974 1
-0.925556 0.323166 -1
-0.898846 0.395835 -1
0.813382 -0.468556 1
-0.734640 0.720714 -1
-0.917969 0.343100 -1
1.414823 -0.377792 1
-0.937099 0.346635 -1
1.052705 -0.464606 1
1.983095 0.176768 1
0.067356 0.106011 1
1.898257 0.122612 1
1.931119 0.171435 1
-0.358158 0.962229 -1
-0.963714 0.132498 -1
1.934658 0.225922 1
0.326025 0.929102 -1
-0.376451 0.969957 -1
0.994291 0.205528 -1
-0.101364 0.993855 -1
0.641213 -0.427179 1
-0.445294 0.904177 -1
1.569877 -0.331911 1
1.335770 -0.452840 1
1.649620 -0.231758 1
0.271788 0.929387 -1
0.757403 0.664807 -1
-0.533079 0.879645 -1
-0.580617 0.840098 -1
1.197538 -0.469016 1
0.783577 0.574285 -1
2.002341 0.366807 1
1.060222 -0.490625 1
0.174184 -0.101065 1
-0.877206 0.368727 -1
0.398557 -0.273961 1
1.994885 0.412915 1
2.006587 0.421428 1
0.531638 0.859114 -1
-0.489849 0.838412 -1
2.009859 0.352516 1
0.503856 -0.364603 1
0.966234 -0.477444 1
-0.923760 0.311747 -1
0.705091 0.730187 -1
0.982866 0.169329 -1
0.953598 -0.494766 1
0.631448 0.827745 -1
-0.952085 0.034607 -1
-0.429964 0.908938 -1
1.545230 -0.374025 1
0.372272 0.927572 -1
1.366364 -0.451818 1
-0.982858 0.270012 -1
-0.864702 0.561183 -1
0.021943 0.261198 1
-0.282249 0.979315 -1
-0.729958 0.713004 -1
-0.200766 0.891403 -1
0.610867 0.759311 -1
0.693053 0.750076 -1
0.798824 0.615321 -1
-0.983004 -0.029318 -1
-1.019335 0.038187 -1
0.019699 0.387582 1
0.520698 -0.334131 1
1.981300 0.297960 1
0.874075 -0.492762 1
0.113297 0.049617 1
0.932087 0.371349 -1
0.979017 0.251432 -1
-0.344746 0.945391 -1
1.928563 0.317146 1
-0.214257 1.023711 -1
0.047532 0.166704 1
0.645076 -0.433628 1
-0.868225 0.525438 -1
-0.506995 0.808189 -1
0.719290 0.726958 -1
-0.278443 1.000833 -1
0.117507 0.067535 1
0.911905 0.472159 -1
0.698249 0.680786 -1
-0.947193 0.405499 -1
-0.960384 0.224158 -1
1.006362 0.372734 -1
1.117832 -0.528122 1
0.987819 -0.486260 1
0.856893 -0.524592 1
1.342090 -0.413378 1
0.521845 -0.365010 1
0.253995 -0.189283 1
0.272822 0.970036 -1
0.529106 0.822616 -1
1.029043 0.015602 -1
0.235664 -0.133354 1
0.912746 0.442458 -1
1.012198 0.155394 -1
0.016368 1.033487 -1
0.013328 0.470817 1
1.482032 -0.378951 1
-0.735732 0.742227 -1
0.018703 0.244182 1
0.076468 0.059671 1
0.661447 -0.418089 1
1.636484 -0.251761 1
0.442372 -0.327811 1
0.341281 0.889030 -1
-0.925866 0.411059 -1
0.830819 -0.456605 1
1.899223 0.008168 1
0.926727 -0.492999 1
0.537913 -0.354424 1
-0.209476 0.988051 -1
-0.512410 0.850880 -1
-0.022915 0.410886 1
1.527224 -0.400198 1
0.142195 -0.061446 1
0.948383 0.343779 -1
-0.008800 0.508844 1
-0.214915 0.975755 -1
0.389338 -0.252047 1
1.773382 -0.122873 1
-0.162406 0.943081 -1
1.893704 -0.028837 1
-0.012920 0.247328 1
0.421016 -0.334574 1
-0.022112 0.495113 1
1.331780 -0.460770 1
1.010870 0.193822 -1
1.751162 -0.192979 1
0.886334 -0.429765 1
1.301746 -0.468825 1
0.845296 0.485666 -1
-0.694339 0.735089 -1
0.465488 0.925237 -1
0.801516 0.571410 -1
0.213353 -0.091562 1
0.262619 -0.202614 1
1.289404 -0.466437 1
1.775117 -0.008189 1
-1.015627 0.107455 -1
1.359803 -0.424248 1
-0.713379 0.764753 -1
-0.003354 0.238981 1
1.493228 -0.341495 1
0.144601 0.951922 -1
1.830367 -0.036670 1
-0.024507 0.512686 1
-0.237347 0.970349 -1
0.006072 0.278219 1
1.770236 -0.182604 1
-0.491865 0.885685 -1
0.876334 0.489519 -1
1.931103 0.176047 1
-0.343174 0.921937 -1
0.505642 0.803968 -1
0.819024 0.501698 -1
0.782249 -0.481951 1
0.146611 0.022353 1
-0.169066 0.982922 -1
1.541875 -0.346295 1
0.459578 0.860643 -1
1.005369 -0.497229 1
0.055131 0.243298 1
1.456892 -0.400599 1
-0.125007 0.977636 -1
0.556452 -0.413948 1
-0.445416 0.869289 -1
0.333325 0.902990 -1
-0.955895 0.396697 -1
0.328713 -0.204358 1
0.023053 0.303299 1
-0.127772 1.014285 -1
1.370460 -0.441718 1
-0.896027 0.367908 -1
1.535253 -0.320937 1
1.427947 -0.383603 1
1.549756 -0.371528 1
0.140342 -0.049081 1
0.510687 0.862371 -1
-0.240876 0.917554 -1
-0.343288 0.897474 -1
0.256722 -0.182251 1
0.719799 0.703071 -1
-0.532076 0.786235 -1
0.162129 -0.091455 1
0.764037 -0.484205 1
1.164708 -0.490297 1
-0.025786 0.484403 1
-0.012750 0.389819 1
0.041284 0.202371 1
-0.956406 0.183836 -1
1.224912 -0.491262 1
-0.812232 0.643082 -1
1.904081 0.008707 1
0.275981 -0.158308 1
1.828675 -0.074410 1
0.910657 0.356731 -1
-0.842535 0.504502 -1
0.195198 1.023933 -1
0.279256 -0.218719 1
-0.359926 0.957323 -1
-0.240777 0.989342 -1
1.984944 0.230150 1
-1.015311 0.203854 -1
0.629492 -0.399003 1
1.982998 0.437297 1
1.011374 0.083481 -1
0.733558 0.647112 -1
0.000156 0.371965 1
0.902713 -0.468823 1
0.409145 -0.215271 1
1.726996 -0.197052 1
-0.006674 0.333435 1
1.915363 0.098692 1
0.683065 -0.418996 1
1.287572 -0.460085 1
-0.020969 1.030950 -1
0.997782 0.085923 -1
0.951943 0.155665 -1
-0.439943 0.897373 -1
0.942380 0.086582 -1
1.465198 -0.401901 1
-0.800722 0.628506 -1
1.979542 0.238261 1
0.342016 0.963437 -1
0.790652 -0.478675 1
0.938324 0.285028 -1
-0.801690 0.595166 -1
0.444947 0.904412 -1
1.802276 -0.116211 1
2.044332 0.464008 1
0.582503 -0.371749 1
0.078128 0.175305 1
1.049511 -0.508913 1
0.623420 -0.371135 1
0.998506 0.016996 -1
1.736559 -0.190728 1
1.896184 0.101419 1
-0.017047 0.357768 1
-0.898138 0.483530 -1
0.041671 0.525151 1
1.812848 -0.075955 1
-0.597905 0.811021 -1
1.012161 0.192179 -1
-0.997627 0.079632 -1
0.421117 0.856799 -1
1.993697 0.333490 1
0.561706 0.800532 -1
0.153344 0.973313 -1
0.356889 -0.234166 1
0.579813 0.824596 -1
1.428770 -0.371898 1
-0.816732 0.627736 -1
0.380271 0.968846 -1
0.373315 0.892142 -1
0.763331 0.625848 -1
1.234524 -0.448357 1
-0.017903 1.044990 -1
-0.963417 0.145808 -1
1.957714 0.308489 1
-0.343523 0.894557 -1
0.338506 -0.257350 1
0.861112 0.486741 -1
0.437801 -0.330200 1
0.707015 -0.472962 1
0.151051 -0.046343 1
0.059798 0.256063 1
0.225155 0.947727 -1
-0.396395 0.866368 -1
0.443597 -0.323606 1
0.615323 -0.452843 1
1.000267 0.186009 -1
-0.107236 0.993469 -1
0.124666 0.932233 -1
0.977006 0.113038 -1
1.001007 0.342363 -1
1.242207 -0.485489 1
0.178937 -0.068136 1
0.349003 -0.277843 1
-1.029767 0.073846 -1
1.968965 0.183640 1
1.864314 -0.023007 1
1.877352 -0.040230 1
1.200555 -0.446452 1
0.129982 0.053069 1
-0.815267 0.621671 -1
-0.326708 0.981863 -1
0.915807 0.381872 -1
1.845727 -0.113618 1
0.330992 0.896577 -1
-1.025058 0.081088 -1
0.145007 -0.000072 1
0.062821 0.981997 -1
-0.565486 0.826234 -1
-0.319339 0.949404 -1
0.642974 -0.455595 1
0.244636 0.981221 -1
0.054512 0.999904 -1
0.455585 -0.356399 1
-0.526176 0.838910 -1
1.107113 -0.475169 1
1.562851 -0.352311 1
-0.440657 0.884448 -1
0.794454 0.602504 -1
-0.588979 0.787296 -1
0.951447 0.401257 -1
0.910256 0.456399 -1
0.233053 0.932702 -1
1.649867 -0.190835 1
1.298570 -0.410980 1
1.274404 -0.425090 1
1.071070 -0.523009 1
0.344988 -0.302823 1
0.058331 0.947335 -1
0.884452 0.458342 -1
-0.843155 0.519059 -1
0.033076 0.383147 1
1.959322 0.291179 1
0.630345 0.725293 -1
0.912724 0.351915 -1
1.745299 -0.162185 1
1.894642 0.147710 1
-0.983950 0.405510 -1
0.792180 -0.476356 1
0.204079 1.011381 -1
0.676695 0.763808 -1
0.116854 1.008714 -1
1.240647 -0.443966 1
-0.062667 0.968734 -1
1.607128 -0.261675 1
1.038944 -0.518899 1
0.868201 0.512294 -1
0.133392 0.142102 1
1.849181 0.053833 1
-0.931541 -0.012711 -1
0.547786 0.834111 -1
-0.042275 0.473269 1
0.095017 0.961244 -1
0.245334 -0.137959 1
-0.703354 0.737369 -1
-0.985589 -0.049556 -1
0.894627 0.565910 -1
-0.722422 0.677826 -1
2.003504 0.304013 1
0.970846 -0.500658 1
0.825198 -0.500878 1
1.092683 -0.464833 1
0.890656 -0.511252 1
0.333183 0.875341 -1
0.892680 0.594084 -1
2.010911 0.522985 1
-0.826809 0.574615 -1
0.787465 -0.459384 1
1.913298 0.010523 1
1.001886 -0.546527 1
-0.553876 0.799580 -1
0.731643 0.726387 -1
0.327504 0.949407 -1
1.976286 0.500607 1
1.079070 -0.500610 1
0.072462 1.017359 -1
0.170475 -0.108040 1
0.093570 0.149434 1
-0.604297 0.813317 -1
1.519441 -0.262042 1
0.483876 -0.291487 1
1.592784 -0.311403 1
0.315440 -0.254574 1
0.084294 -0.038348 1
-0.425141 0.897834 -1
-0.643799 0.775302 -1
0.515983 -0.336846 1
0.777826 -0.470819 1
0.578424 0.880130 -1
0.567871 -0.315836 1
0.181172 -0.058277 1
1.057416 -0.558069 1
1.934589 0.145759 1
1.784080 -0.121433 1
0.802211 0.536069 -1
1.697613 -0.149816 1
1.868989 0.019802 1
0.704930 -0.438190 1
0.685037 0.780481 -1
0.680187 -0.494042 1
-0.712522 0.762463 -1
-0.066209 1.000095 -1
-0.757297 0.615770 -1
-0.003031 0.238408 1
0.860804 -0.464286 1
2.021389 0.406690 1
1.053820 -0.501366 1
1.483959 -0.411414 1
0.156764 -0.050410 1
1.033969 -0.518013 1
0.643582 0.763586 -1
0.360800 0.947273 -1
-0.875402 0.433023 -1
1.645734 -0.276189 1
1.410708 -0.438272 1
1.758473 -0.139986 1
1.147996 -0.479672 1
0.539730 -0.415184 1
1.000458 0.083147 -1
1.976719 0.525475 1
0.256708 0.947972 -1
0.343723 -0.206513 1
0.993282 0.343408 -1
0.046669 0.372764 1
0.212691 0.926749 -1
1.851729 0.136820 1
1.227902 -0.496196 1
1.890890 0.038008 1
-0.191176 0.986544 -1
0.089256 0.039741 1
-0.946730 0.266904 -1
1.047482 0.022151 -1
1.630219 -0.271290 1
-0.690790 0.718598 -1
1.942297 0.441549 1
1.673964 -0.236434 1
0.933875 0.444788 -1
0.945218 0.214858 -1
0.789262 0.605584 -1
0.066993 0.418396 1
2.030629 0.445678 1
0.992625 0.289792 -1
1.989382 0.346307 1
0.343784 -0.285415 1
-0.748687 0.678089 -1
1.814538 -0.061285 1
0.349515 0.924500 -1
0.580521 -0.426410 1
1.930525 0.111204 1
0.702580 -0.471606 1
0.009785 0.366979 1
1.009926 0.219351 -1
0.929299 0.453920 -1
1.657467 -0.229093 1
-0.700899 0.747580 -1
-0.778248 0.622095 -1
0.525906 0.851815 -1
-0.940423 0.309003 -1
2.031388 0.464765 1
1.871333 0.146340 1
1.913462 0.117264 1
-0.981349 0.033048 -1
-0.003117 1.008664 -1
2.019708 0.223032 1
-0.121463 1.049676 -1
-0.946782 0.161524 -1
1.146387 -0.504736 1
0.953143 0.338567 -1
-0.163426 0.949836 -1
-0.392632 0.898886 -1
0.907322 0.403933 -1
0.988303 0.036304 -1
0.948013 0.299506 -1
0.093236 1.015029 -1
-0.293392 0.904390 -1
0.511292 0.873163 -1
-0.678207 0.766766 -1
0.061128 0.427719 1
-0.294554 0.965450 -1
0.831747 0.488960 -1
1.580776 -0.260555 1
1.268734 -0.452797 1
-0.920607 0.445431 -1
-0.014805 0.261549 1
1.143072 -0.401836 1
0.948512 0.148690 -1
0.289262 -0.186377 1
0.020353 0.305792 1
0.166398 1.006497 -1
1.129372 -0.498803 1
0.005953 0.284871 1
1.566996 -0.287529 1
0.002178 0.335990 1
-0.025678 0.942672 -1
1.820764 -0.092502 1
1.723140 -0.093428 1
-0.000086 0.411531 1
-0.973190 0.190544 -1
-0.451035 0.879928 -1
1.001743 0.076352 -1
1.200089 -0.482207 1
-0.783984 0.627866 -1
1.531912 -0.335321 1
-0.008986 0.956207 -1
1.939592 0.122327 1
0.056984 1.004891 -1
1.677131 -0.343170 1
1.882620 0.007337 1
1.854566 -0.054536 1
1.800069 -0.155418 1
0.960783 0.230710 -1
0.212379 -0.043545 1
-0.008447 0.303078 1
0.111877 0.063158 1
0.765551 0.664941 -1
1.514520 -0.383124 1
0.789588 -0.418675 1
0.453137 0.885477 -1
-0.919203 0.331998 -1
2.013457 0.286350 1
0.281981 0.979208 -1
-0.956316 0.172417 -1
1.389727 -0.400386 1
-0.707977 0.718391 -1
0.091754 0.972877 -1
0.041627 0.108816 1
-0.440382 0.926725 -1
1.993970 0.251419 1
1.842441 0.068957 1
1.551568 -0.395696 1
0.593121 -0.410225 1
0.771402 0.659015 -1
1.781700 -0.095257 1
0.410956 0.869528 -1
0.974251 0.293598 -1
0.454063 -0.308262 1
0.312745 0.952050 -1
0.518657 0.870028 -1
-0.052706 1.028748 -1
1.681545 -0.249462 1
0.718205 -0.422415 1
0.037795 0.250372 1
-0.937828 0.408770 -1
-0.951800 0.275180 -1
-0.079681 1.001207 -1
0.571307 0.846354 -1
1.620209 -0.306600 1
0.645169 -0.417821 1
0.775497 0.589883 -1
0.093220 0.032547 1
1.016251 -0.484660 1
-1.000325 0.120823 -1
0.456609 0.845610 -1
2.003569 0.409755 1
1.324653 -0.372474 1
1.843812 -0.102439 1
0.127791 0.033864 1
0.112482 -0.011537 1
-0.860989 0.591217 -1
2.040446 0.409698 1
1.235882 -0.481418 1
-0.547185 0.881975 -1
-0.423902 0.936594 -1
1.784860 -0.127416 1
1.984154 0.370784 1
1.984114 0.289555 1
0.264497 -0.062568 1
0.023478 0.409633 1
0.774669 0.652621 -1
0.629742 -0.450946 1
1.769326 -0.175342 1
0.444559 -0.226405 1
1.423778 -0.391510 1
1.212158 -0.483905 1
0.741213 -0.466884 1
0.654339 0.726259 -1
-0.645787 0.744450 -1
0.378921 0.891181 -1
0.063733 0.112704 1
1.308207 -0.459911 1
0.868781 0.556752 -1
0.532676 -0.367364 1
-1.029205 0.090095 -1
0.996494 0.175209 -1
1.961964 0.130667 1
-0.300219 0.946567 -1
-0.235413 0.883802 -1
0.875873 0.582827 -1
-0.789168 0.723299 -1
0.717833 -0.437658 1
1.074827 0.147867 -1
0.723791 0.703068 -1
0.004373 0.400319 1
0.154222 -0.146575 1
0.673445 -0.419971 1
0.782641 0.673261 -1
0.050039 0.963758 -1
0.973139 -0.506977 1
0.039909 0.983216 -1
0.798141 -0.454160 1
-0.163655 0.983485 -1
-0.837033 0.594541 -1
1.096755 -0.446048 1
-0.990995 0.062934 -1
0.953747 0.060440 -1
0.061507 0.967092 -1
0.949089 0.402624 -1
1.017432 0.127433 -1
-0.726692 0.652144 -1
0.890453 0.519086 -1
0.658743 0.705899 -1
0.104726 1.024566 -1
-0.734039 0.672023 -1
0.793936 -0.446562 1
1.824108 0.025535 1
0.312612 -0.265116 1
1.605286 -0.255819 1
0.446399 -0.303002 1
1.017911 0.133393 -1
-0.889442 0.438751 -1
0.501464 0.876496 -1
-0.154253 0.967749 -1
1.826278 -0.037960 1
-0.553144 0.822418 -1
-0.476204 0.828207 -1
0.975088 0.324273 -1
0.236709 -0.182516 1
0.251486 0.917815 -1
1.966508 0.260063 1
1.458564 -0.390573 1
-0.270325 0.960314 -1
0.636299 0.779703 -1
-0.802229 0.577837 -1
0.981561 0.263233 -1
-0.492456 0.859885 -1
0.892330 0.506815 -1
0.542045 -0.375593 1
0.359582 -0.209131 1
1.977690 0.356213 1
0.887190 -0.447054 1
-0.623149 0.754403 -1
-0.008582 0.954700 -1
0.417275 -0.312727 1
-0.998660 0.005239 -1
0.703944 0.735217 -1
0.894435 0.531375 -1
0.457246 -0.313823 1
0.579850 -0.421279 1
-0.131310 0.937517 -1
-0.874132 0.512910 -1
0.221825 0.975584 -1
1.593112 -0.344975 1
0.139198 0.106985 1
1.335498 -0.428533 1
0.331714 0.967530 -1
-0.402544 0.831090 -1
-0.952459 0.490765 -1
0.172804 -0.108831 1
0.194685 0.011708 1
0.059413 0.136127 1
-0.942395 0.093120 -1
-0.972021 0.388596 -1
0.539665 -0.397031 1
0.304072 0.993724 -1
-0.927588 0.384998 -1
0.941052 -0.482215 1
-0.984783 0.102312 -1
1.774066 -0.178151 1
1.905472 0.151822 1
-0.130377 0.975863 -1
-0.958790 0.259643 -1
-0.796814 0.649492 -1
0.464982 0.947698 -1
-0.937508 0.228827 -1
-0.993724 0.228429 -1
1.774649 -0.161369 1
1.719494 -0.160163 1
-0.234040 0.988057 -1
-0.776243 0.674450 -1
0.243170 -0.176994 1
-0.657603 0.761920 -1
2.032004 0.407937 1
1.563496 -0.347772 1
0.446369 0.914722 -1
1.918611 0.049420 1
0.761978 0.617402 -1
1.028815 -0.476902 1
0.683575 0.714511 -1
0.203002 0.984767 -1
-0.905535 0.340193 -1
-0.960013 0.325656 -1
1.327481 -0.461071 1
1.068793 -0.529304 1
-0.494934 0.923979 -1
-0.030265 0.975200 -1
-0.918655 0.401727 -1
-0.824921 0.552832 -1
-0.482803 0.854550 -1
-0.611495 0.710559 -1
-0.206794 0.970433 -1
-0.912489 0.406321 -1
1.387379 -0.419022 1
0.359109 -0.226056 1
0.297734 -0.189949 1
0.983558 0.071603 -1
0.938632 0.294428 -1
1.883269 0.011384 1
1.837977 -0.005883 1
2.046392 0.353253 1
0.648585 0.767042 -1
1.895656 0.097825 1
0.073355 0.295255 1
0.377818 -0.234824 1
0.086627 0.055374 1
0.293714 0.905186 -1
0.972321 0.090583 -1
-0.281258 0.947687 -1
-1.020644 0.161530 -1
0.513989 0.826371 -1
1.312393 -0.437703 1
-0.204900 0.966661 -1
1.928417 -0.019520 1
0.375320 0.939188 -1
0.669348 -0.448424 1
0.073158 0.108518 1
0.364909 0.910333 -1
0.961530 -0.554479 1
1.312744 -0.463454 1
0.534061 -0.315246 1
-0.867444 0.482641 -1
0.044174 0.202676 1
-0.592411 0.841978 -1
1.907548 0.177726 1
0.787207 -0.501683 1
0.571051 0.803380 -1
1.404831 -0.435339 1
-0.884476 0.521305 -1
1.197443 -0.494017 1
2.010271 0.456661 1
0.068839 0.399735 1
0.667866 -0.467991 1
-0.955499 0.373624 -1
-0.937699 0.037507 -1
0.518892 0.822911 -1
0.150211 -0.040006 1
0.595170 0.792795 -1
0.502577 0.884110 -1
0.233076 -0.131767 1
1.883299 0.194184 1
-0.012152 0.333821 1
0.034073 0.152789 1
-0.692235 0.738067 -1
-0.770466 0.712371 -1
1.992122 0.218191 1
1.647831 -0.211873 1
0.112962 0.050133 1
0.571748 0.781233 -1
0.522207 -0.438473 1
-1.048146 0.109469 -1
-0.991084 0.228588 -1
0.187368 1.027477 -1
0.443905 0.849079 -1
-0.161335 0.955781 -1
0.938080 0.463402 -1
-0.988423 0.122850 -1
0.463289 -0.394600 1
1.439772 -0.324700 1
0.428692 -0.292662 1
-0.831093 0.535505 -1
1.113815 -0.475858 1
0.972948 0.034288 -1
0.472573 -0.357229 1
0.080839 0.988126 -1
0.244130 0.993780 -1
0.818638 0.592474 -1
0.013909 0.999706 -1
1.230532 -0.495856 1
0.804582 0.646454 -1
0.686016 -0.476239 1
1.067431 -0.472806 1
1.092531 -0.458405 1
0.800070 0.660716 -1
0.247306 0.950135 -1
0.793503 0.632630 -1
0.007200 0.325732 1
-0.328767 0.910882 -1
1.953284 0.307534 1
1.034955 0.140098 -1
-0.899397 0.476251 -1
0.914687 -0.494339 1
-0.818420 0.630945 -1
-0.747261 0.652849 -1
1.027485 0.047773 -1
1.512513 -0.333537 1
0.554170 0.843328 -1
-0.508002 0.786532 -1
0.415628 -0.304386 1
1.946392 0.231678 1
0.976468 0.264377 -1
0.323553 -0.276408 1
-0.878503 0.475060 -1
-0.412345 0.955098 -1
0.105539 0.228534 1
-0.946756 0.204200 -1
-0.951960 0.297202 -1
-0.615733 0.805545 -1
-0.275132 0.939011 -1
0.207645 -0.103654 1
0.244378 -0.136289 1
0.192220 0.986488 -1
-0.713259 0.668329 -1
0.715466 0.674576 -1
0.006363 0.171393 1
0.348165 0.990726 -1
-0.876080 0.427532 -1
1.000380 -0.037672 -1
1.809917 -0.038740 1
1.479057 -0.345253 1
-0.724892 0.541507 -1
0.052065 0.070023 1
0.889631 -0.504587 1
0.993761 0.110887 -1
0.761153 -0.497231 1
0.037097 0.280981 1
0.579242 -0.424884 1
1.024311 0.174780 -1
0.930513 0.186312 -1
0.179125 -0.051131 1
0.155723 0.033565 1
-1.023901 0.023968 -1
-0.532270 0.792729 -1
-0.977089 0.151861 -1
1.276021 -0.546064 1
1.713361 -0.151293 1
0.860357 0.465941 -1
-1.026075 0.002271 -1
-0.728937 0.666472 -1
0.908841 -0.409713 1
0.996996 0.037669 -1
1.700823 -0.208743 1
-0.421992 0.878716 -1
-0.894075 0.553285 -1
1.672289 -0.224488 1
0.483432 0.884007 -1
1.456023 -0.390596 1
1.534467 -0.316221 1
1.409745 -0.428752 1
1.968903 0.186808 1
1.965730 0.324862 1
0.054332 0.101893 1
1.156255 -0.508580 1
-0.966709 0.340913 -1
1.920774 0.386562 1
0.804744 0.588239 -1
-0.106301 0.941908 -1
0.034975 0.248785 1
-0.366043 0.891566 -1
-0.660992 0.832614 -1
-0.535560 0.791082 -1
0.625238 0.811246 -1
0.919098 0.402569 -1
1.794021 -0.078944 1
-0.117478 0.913976 -1
0.305141 -0.109140 1
0.543257 -0.404993 1
-0.936496 0.254667 -1
0.744601 0.635401 -1
1.982419 0.171477 1
1.456678 -0.398971 1
0.870129 0.503687 -1
1.679461 -0.154862 1
0.968293 0.298675 -1
0.682983 -0.453951 1
-0.579295 0.799377 -1
1.563998 -0.303962 1
0.666539 0.752753 -1
1.972230 0.448375 1
0.657762 0.692159 -1
-0.644888 0.784870 -1
-0.555808 0.804403 -1
-0.909435 0.310479 -1
