-4.268191540594717 -9.403527846761207
-5.213401798756453 -10.006800069045672
7.7638706968928926 -0.6912375184239952
7.614899101287087 -0.8369598287977023
6.079037250297212 1.1026673732549959
6.130538337984129 7.878013448412299
8.719129639699466 10.092258460474183
6.5119227666953865 9.813429020266614
6.561814821547203 1.608629657237417
5.172096481634161 11.78064755976018
8.105177948842671 0.02801956053312049
7.407406267810567 10.892987282811701
8.761443863579307 8.827184070465089
9.420773371173627 9.170289979744124
7.327855307279904 0.8627011107428292
-6.153014200509557 -10.119245140506706
7.790889402795012 0.5226841926474324
-4.805491950051328 -10.039072135505455
9.115122784263319 -0.8572985924652332
8.28794233430936 9.782886562966384
6.845489502593503 9.753305707799392
5.590110356257705 9.911878641702309
8.86161132844267 9.88867706882888
-7.013110469565361 -10.918156078060536
-4.559039523351479 -11.351385031729075
-4.359200546070272 -9.078518772760981
8.093596287495556 -0.9646886249279545
9.1929604929806 1.3126992227132417
6.936188113417867 10.321692184307421
7.292627739117514 9.877746301460837
6.972949457724865 0.9584846862138956
8.231847572690446 10.847693186232384
-4.062040704309707 -11.02213472215269
8.993341532573062 9.731349104923995
7.270827483690528 1.5768223022658299
-3.932334565949901 -9.627605341914917
6.689664319092936 9.984401304586624
-5.435715921025243 -10.590785361036666
7.828329360245368 7.768648828717495
6.773354855468915 -0.6629803664509091
7.54671312173482 -1.1045908264125623
-6.274883691014861 -9.97051196289391
-7.061853090701549 -10.631833478620994
8.332618373803962 -0.13604500694086974
-3.8725507162617294 -10.434381015741467
7.959323157220852 10.265798134075027
-6.53998619652388 -8.278441648857434
5.861413596162399 1.7210338758961286
-6.1617534323362815 -9.318810368465343
-4.808417775367885 -8.659572781207595
-5.807332746897709 -8.270590793624436
-4.728811009399524 -9.604910446109146
5.389978581956688 9.048110161978888
-3.5083765677971166 -9.986807825326554
6.502327700890773 8.452357879097395
6.787808317216626 -0.5582976448857202
5.918844875123007 0.22227151256954863
7.287249955494005 7.6209979951176905
7.754309955875382 8.99861425146505
6.849929742050228 -0.6713613277152575
-7.4704806513492565 -9.07556618642786
7.069297627517594 9.526023290860465
-5.947251244671815 -8.538809489494255
-4.834826996662122 -8.995550201769342
6.694297240596439 1.2832269380048906
7.30906107958316 9.183308122666693
-3.9017939079789823 -9.762027907387894
6.961720320525057 0.17173525792003075
7.907786576974749 -0.550945705631587
8.953624073629827 9.489034167236586
6.3070163140166615 -0.4840044981804412
7.415263659275383 0.054831236223837565
-5.736992393915082 -9.117261093170479
8.812804223736242 9.508615543394372
7.1581678356868395 9.85629615835798
-6.268854275229581 -9.22157616760048
-4.920114015676098 -11.274780258165093
7.771020644279078 -0.3812010521791668
7.396867220478052 1.415171164343199
8.361865982806295 9.089581130711952
7.206527936021848 -0.4657930781889541
-6.411928261472523 -9.679829259535877
6.411909576732729 1.3291976773093381
8.814392230865275 11.143106325902709
8.301259460234487 9.663941225715302
5.939350890293913 -0.6302869450885491
7.333917136962134 1.034616128212505
7.020105068284552 10.496382534935785
7.142475663149586 0.7050301445589007
-5.53350280317056 -9.266411922628086
8.245761857287572 8.386416743711173
7.782895447368109 1.341153755600098
7.924096066069108 8.644638392047174
7.198699549479796 10.886739566439537
-5.454472698656015 -10.489340485564131
-5.577961345565132 -10.14147840060818
-5.742925086239929 -8.57886111280183
8.21676258392391 -1.221543890048319
8.288270951099074 10.717308034864457
6.160280436428083 0.6222701932708633
7.644748597854514 0.506498762287804
-4.295322843006247 -9.770770161126709
-3.9529810436577595 -8.616226677666049
-4.579194110137027 -10.017681768720232
5.822597951012563 8.88727230645335
-5.7088952541820825 -10.479701601022043
7.852795700413333 1.2766387542484101
6.5076509620693646 0.6893053372538716
7.754646629727051 1.3325881996371405
-3.3917500096756408 -8.467334273681796
-3.9808727223965494 -9.861875226874748
-6.335606195584596 -9.973666576955882
7.910351119742488 10.242079391616961
-7.451754727991554 -11.142212996981334
7.846588318918604 1.2763096826362592
-6.873697548436404 -9.47258376504802
-5.402590651027139 -9.932289514820933
10.01367527325689 10.520894533766764
-4.598720135997126 -9.18662000289198
5.2521378122948015 10.855693486474634
6.742222457782393 1.3036332488375837
-4.676061850391839 -10.175342046813421
-5.0136830367969525 -10.075143681153847
7.888281211830023 11.134987746972824
8.698774877064984 -0.9169561731327704
-5.455686909423934 -9.804030744143796
7.75489030052612 -1.0259717762333598
9.284010338682009 8.673650768229916
6.1939996316612485 8.197869541549899
6.867804681640083 1.3887310168671654
6.822998181519249 0.2771401492853641
5.499532131887836 9.043844937885712
7.595711370096429 10.096034703816397
8.062629286973257 0.3433268894772198
7.775456487128338 0.8839010792213424
9.06395344803947 -1.054294112396068
7.964815921930528 8.039146587578905
7.805345879069167 0.23266992227266253
-6.23821506460025 -9.595347017619792
5.433850873657632 0.6112723617131438
6.437531237102052 11.278522265612965
7.159436645128065 7.9133763670049495
-5.364252567368658 -8.708133097057845
6.45099073453613 -0.7858717309207861
7.730045874920727 6.862641780220532
7.09675787684319 1.4109523703604077
6.833696932847626 -0.10980618320720992
6.262494464780927 11.04088045213309
8.414880563868278 2.0601806462591687
-3.599930359225953 -10.209034954711507
4.7824672752424275 9.35057259963864
7.30895030979484 8.939207175848816
-5.287124847356007 -10.75034173387066
-5.332053894885414 -9.346810360459228
6.9314453502575 -1.0055359681472298
8.883610840456855 9.015898740093084
8.416100674309737 8.425606212366349
8.22799869202533 9.81331771641704
7.566098781439626 -0.6611456525762351
7.18655077254878 10.623323355965127
-4.092010775981994 -11.200328142890209
6.395543544138851 1.498811671521973
-6.96599291799433 -10.71399630189681
-4.47652054745246 -9.51056016856844
-5.3944848839250135 -10.536500188709592
-6.100334979123335 -8.110895540394225
8.480213253673869 -2.0988668211139734
-5.651928095989018 -9.52451328033591
5.942055856146272 10.507683327709145
8.718258007920804 0.9446256754115612
8.677279162956419 8.463473359269983
8.034405058811604 8.380292975909036
6.397357182614405 1.3331519553339697
-6.331349635175161 -11.061705023825736
7.726097202687379 0.9721762016061848
6.96335915703474 0.8987157660738143
7.390037242829448 0.906630085109055
-5.261109965033134 -10.540633604632816
6.414289675869854 -0.9950721123712014
-4.93673487491432 -9.191001159550684
7.589377554024805 -0.16778903052367544
-4.726617527746354 -9.026435231643713
9.07857709857759 10.957467571746124
-4.457971573884834 -9.582077870622319
8.224758443953919 2.5000531559059946
6.510666443580584 9.388171882663332
8.262899733095793 2.4157463495661373
-5.3504815049154155 -10.375439362885777
7.446369848134654 11.436749535578953
-4.941311041931729 -8.683787678356495
6.457527576749838 9.436703930900308
-5.618501795182526 -10.796314263702577
7.04187233545516 0.010188602346483666
-5.434185776316925 -9.683688371227467
7.770959475715432 8.711148860900257
7.321916122838196 9.610742414524646
8.198660897752925 -0.6808425636894455
8.40185355966284 -0.3734813153278215
8.759721171599494 9.129311482313438
7.513925831502502 10.21349042817773
8.780979958403382 0.7445326671408047
-5.183351747072706 -9.563515902623886
6.727312570208598 -0.5753382983625739
7.950485549521404 1.523330099952246
8.104677691135747 -0.2613327520497303
-5.104996020164195 -8.681739880175815
8.324343748891998 2.7817782039526158
7.0420280520815375 -0.5043316960238686
7.460675926476664 0.2567503027401866
8.863569314682868 -0.6341706483181004
-6.399387045677829 -10.067007658532543
6.808377269916067 10.322440308212624
8.805752628181718 8.409936708629854
6.816601397504769 0.4348887020872111
6.584020797700918 9.003256641725718
8.911112187519729 9.149332645486815
6.2467922802439 8.480445057237548
-5.373447381767761 -9.309829060400926
7.25653442676624 0.00826834662179654
8.399764620521537 9.256825363424118
7.092761520366411 12.27174212900809
7.098830488265103 1.0760797854249926
7.202679026455491 1.0440239710591825
5.9866406441375695 0.903826256210531
8.322450913026787 9.678191958082412
7.331433931302497 10.243415904999068
6.493335870694421 8.848036464943357
6.9151169572539075 8.648123835168608
7.898578025474818 1.4183587296364077
-5.956106465921859 -10.661921071432866
-5.5426493240640555 -10.68076600492124
8.99558412443202 9.042043878629464
6.268211948183323 1.1021554994248743
8.02568843055273 -0.49389318224621515
7.539258148304198 0.6436717972386053
7.484958670955632 9.247441350299027
-5.582235189882546 -10.334677445243953
6.582628535058894 -0.6656700753434197
-4.473344656573293 -9.355703092012584
6.945176090707619 9.039426067789778
7.022149527353769 0.6002763118726753
-5.890527266839661 -9.921732793339164
-4.709809435122072 -9.919185656807246
8.281756649461625 9.023810556975217
8.529917941237391 11.017382610888877
6.0435745591994525 1.088937157696394
6.100713556114664 9.290077038478154
6.657712300441994 -0.4181310087196928
7.79910797054749 -0.25289981954811924
7.169685857454083 8.667450490922707
6.453712652516023 -0.6378916566445434
8.818758270713772 11.027688298352778
6.341025780175128 9.701047845673658
-5.132452939171532 -9.15239620192134
-6.810538109507732 -10.387332431932851
5.82848187862804 -0.2649183328179029
-4.984464423463434 -8.879248888345579
-3.8484671917802986 -10.574394863277439
7.022891829888777 8.213705257348355
7.559372095860236 0.40915589422568593
7.361540735526782 -0.0964866829442802
8.635642393396344 8.674557272246311
-6.084724423776731 -9.845478381338557
-5.65304319852223 -10.161877573373358
6.5760715778337016 -0.10796315031029213
8.738200795366039 -0.5182647735253838
-4.278642668974511 -10.099645318315048
7.991589547342404 0.206356629234496
10.008609509795212 10.757425277068732
6.981911578050738 -0.863220182703643
8.769227720366036 0.573624628283816
7.700360242068685 0.3605517003764053
-5.1853005705996855 -9.739898986299254
6.55737935186348 10.443484250608504
9.40172977531762 9.554223659094546
-5.2425387340303 -9.049481936667133
-3.7225127511661094 -12.220901732603554
6.173573651136039 8.737566209511403
9.54163869239956 0.4102913962706374
-4.815152106604202 -10.794541509343452
-6.009391948432139 -9.169422033374799
6.487391973060022 8.838653105588971
8.611882246740148 3.5130489763401096
-4.80615163314665 -10.276150395183079
5.628039515911944 9.775854429467904
6.69567137098613 -0.876037011413644
-2.981920282136847 -9.786117302529755
7.057915291811877 11.329980421059497
8.127114259505827 1.0877341151439905
7.3242416585020615 0.7094800923900487
8.016870011387686 9.338083611565699
9.100888584366245 9.148074112068752
6.262094686875114 -0.15283451979871565
7.460747976932024 9.765378503932247
8.169073418645613 0.7093540681449028
6.426624959872615 0.8727397435002037
-4.326724165284955 -10.626951535377763
7.688556349532747 -0.3743184848616763
9.616293335168354 0.21567249252528264
-3.6481957398457068 -11.61172378454907
7.491716899229125 8.984894330666794
9.393895802346986 11.217156889485139
-3.555802678113189 -8.607840086394878
6.630053143499652 0.2522570609790001
6.974228218665259 9.55896816119871
6.556864827036305 1.1216407180381847
-5.769443834768028 -9.712366272921084
7.403149150013054 10.423424370349162
7.079786441337632 7.814277469415647
6.557696256800746 0.02352970388386111
-3.2798406994211673 -10.615117298411388
-5.4196287389085365 -9.599794017860221
6.815867562288986 9.962567807635901
5.553127229180249 1.502264700193758
-5.6779904656027185 -9.871077732954912
6.726076016122308 0.9822187900898193
6.937048193011871 -1.0356416725391049
6.96107808863899 8.60128016724687
7.220951917318899 8.065444140013149
-5.610357504078205 -9.511970764389467
-6.322364453142217 -10.109887920465832
8.075032506931286 1.01976507849683
-5.747670165662614 -10.21042466684598
-6.751126394977356 -11.634151785971003
7.10596354892956 2.1351457207657516
-5.3869796216582655 -9.675508366917663
7.334904528778527 9.639423947973851
6.580033194356537 0.4130371240514727
-4.4109290058883674 -9.655237913396322
8.35688932809445 9.043980121787932
7.630837925069844 8.325475012097158
-4.652083542429912 -9.103358749804755
6.891389729091996 -1.15856642654655
-6.362029342039087 -8.569267771091647
-5.20868334049238 -9.429412003328558
-5.352476530654669 -7.617966657168507
5.879157315966037 9.7436473239259
-8.713414522702637 -10.550426269812009
8.061976428756662 10.368315690962925
-4.095041933866699 -9.091207071714587
-4.330978258677099 -10.030882053855482
7.704762651425062 8.75745028706498
6.190061075919628 10.036965677551725
7.497120516202824 0.04756095054884868
-5.531048333317931 -10.962885830229322
8.453634716789017 1.6550832326741791
7.971682005684025 0.47118831306920717
-4.282952064696501 -8.143234412870436
8.952518398126191 0.4023707118483549
-6.88787155318426 -10.607473346217448
7.572268131470567 0.5029428179390938
-5.512624223732381 -8.574196443394731
7.95561768194512 10.11358031799508
4.333668288215691 10.510346756712527
-6.761777114403574 -9.084681623883407
7.332552500561108 10.080958360795938
9.19242713000974 8.684329014447417
6.50079390933216 0.6673444727956853
7.666402592133092 9.688326755926667
-5.340714424722107 -9.531787451560689
6.458167173971033 0.2483597907489281
7.723602612506468 8.686384495116586
6.737252243095484 10.258756043196948
6.2043174282753935 8.968977479239292
6.477722854510164 1.1333240669459337
-5.984192700326461 -9.77573783371219
-7.496199540182884 -9.586824273874187
-5.9740764829599335 -11.10652709911821
6.165275279627693 9.523134378442096
6.917124385956492 9.038446937418074
-4.554062505383708 -10.031723864104821
7.182867516846552 -0.09763644858851228
8.226003102380265 9.640270273496814
-4.973063192458965 -10.108686415708123
7.157878627990108 0.8305811321240921
8.056074693506925 0.283921391945457
8.292819895098065 1.9029568888328234
7.732447992431401 8.86413952698258
7.571351032328171 8.967153960263557
8.637169090785644 9.694663173571385
-6.37488384025143 -8.858802903640937
-6.023757902007423 -10.85526370307068
-6.138271532221355 -8.275839064494626
7.761268701225294 2.0005653658393596
6.099866325368528 9.283668013281499
-4.629690606632995 -9.6443491475613
-6.821414189078599 -10.911459434199088
7.592402557668295 3.2217458468054283
-3.0594566689425045 -10.11772787059162
-6.3980756878258465 -8.379582093438323
7.4934130989870384 11.008923557354521
5.227088746520512 0.7010592540603718
8.206521361408628 -0.18790587747842957
7.953113720266394 8.368976644531578
-5.066325513704844 -10.392438670183274
-5.18464180177981 -8.648843011381086
9.61604304889708 0.34356106389979957
-5.333284525945642 -10.104598874559091
8.833138111653986 1.1535258609891972
8.384648180217422 1.321613877523521
8.437819170433489 8.956956569433746
7.594856728135408 0.4219868049311798
5.6335866715385325 1.3050361734188594
6.39692171729725 9.595336101259695
7.532285112019893 9.877502922620657
-3.9118499299518312 -10.935886359133375
7.620777396444592 -0.06650171520682047
7.514634036401252 10.141075882587955
-4.260804933918312 -9.895371605515624
7.437052160991027 11.39232259760058
-6.182044356424679 -8.609579960343957
6.360537691730784 -0.3258307060242087
-5.976947648570593 -9.939678813008886
-3.9901815904151077 -9.091281464185677
7.234011252111879 0.10617499565691646
7.7440402118056095 9.38819595000218
6.603466195319238 7.384882276543259
7.743375938338276 8.583588230137083
5.307010223184612 8.674386261373359
5.655869765072988 -0.06593268393287244
6.454458812643149 0.11836084940387415
-5.566214843784039 -9.411452052809997
6.483636661282081 9.310329346540186
6.478412353371524 9.833614652140442
-5.048736007811137 -9.756267736765798
-6.325294108955577 -9.479095047901488
5.904061230249564 0.8653084884552122
8.456234011896452 9.741804387031742
6.637798750769446 -0.6122369668880874
5.5256873399568915 10.349555051785503
-5.035077433175173 -9.686134328306055
-6.384227773031154 -8.07798105766505
8.079252720008304 10.588201055949177
-5.854423555504635 -9.23811052223164
8.383719686002486 11.168507800793938
-5.275601430117813 -7.935770253717305
-5.96400070867146 -9.03325630033041
-5.66482434627482 -9.945493662831641
-4.431600708205445 -10.78492434823946
6.123657802647157 1.4174831236942715
8.112973084114188 1.285644878521952
6.57848126441478 0.9672801291585
9.629415575034633 0.20358272943207212
7.688323333379926 -0.3724630605619542
-4.26520861169685 -10.375492780903512
7.727470592889027 9.039188152396108
-4.214688007944288 -9.29221456108182
-4.6739239410129985 -8.733870571810098
8.002368640248065 10.169173297436705
8.517467622163462 7.90393099783166
6.69627651899643 0.36084218985763294
7.325143008735741 9.825415659478276
-5.023067996557007 -9.99945856418903
5.93435175805539 9.476117339351992
-4.657307254779066 -9.702588064649493
6.067198106740455 0.7804519212000828
7.105385517272454 9.289557662316692
6.02903567892091 0.28884408956201096
7.297254734288373 9.993720247685706
-2.440859200261876 -8.805397284630272
-5.946670638871868 -11.180650087514795
5.454568443779317 0.5278436788380159
-5.307683457145022 -9.857259902751885
9.149361912119975 0.8750963881155511
9.10561829681764 8.30095868880551
6.04970738895287 1.1038934843943977
7.668771362971273 -0.46567763206976465
-6.121168522260998 -9.262979453809004
4.974666835339058 0.0770199569780079
-4.978607195106367 -9.14094144127095
6.028262888054213 9.362946020753519
-2.6568113219910554 -12.042411219583618
7.225084277857703 10.448861938921507
7.451569673164658 1.6617731996431826
8.978263236354962 0.1731498948018475
6.55363939809422 1.8706105900230527
6.060887268185489 1.0320660687870808
-3.9631433697431158 -9.741744127302645
-6.577963682122349 -8.939473649971623
-4.500386033705193 -10.959975368061741
-3.782297137917783 -8.652096234149187
5.3185761900009645 1.2107282623513322
8.005995102153136 9.533883893885832
5.48128925922259 10.749623232833555
8.181339343396239 1.2243958359539895
5.521617746813778 7.9844637241817
7.21067475083107 -0.019914316809923505
7.806940314008837 1.9507862844929265
7.811244360826873 10.792515394702823
-4.763738632983843 -10.160088802885682
6.535527486516892 7.706941410069098
7.34011795255491 9.953611255053984
7.405659325970529 8.829244796431713
7.636410978217577 0.902924251052396
8.577928698801637 -0.5816038762043994
8.368110450306595 -0.017103095483849695
6.653497749103859 8.848928403754208
5.733572925539802 8.644134716474667
7.736740968528505 10.828553875100884
8.700972609794412 0.25831398548856127
7.535755642437523 1.428795240155575
-5.012780168578071 -10.477362915044054
7.796506537405467 1.4900804381446322
7.679972151315388 10.081094862888568
8.584661030019046 1.9574000462117602
8.004056305852087 10.536953742792356
7.365864781737442 8.91217984985172
7.928010636571633 2.2695761518838538
-3.61036357938395 -10.356408239151907
-5.649313337883513 -11.411783329356945
6.673038568940393 1.7332546241591116
6.986830350694493 1.262165066536404
5.926606976059814 -0.10115651193285624
6.273289542799441 0.1480535259140464
-6.187138875579416 -9.188607609831962
8.459708694685816 10.819171179328116
7.061272910457071 1.665921791524645
-4.421515692669122 -8.56787762712533
7.020466682083281 7.942509706014149
7.22127405838741 -1.292634914441015
6.8922890541860005 8.606342930375176
7.693519847635993 8.70768195886955
9.193772680744862 10.267867124771879
8.04517182057145 1.7438848374915839
-5.658576890390266 -10.289715778440396
5.529725573305497 0.27314171376731816
8.34862546140349 0.7865798610679247
8.84960492020945 8.898055959582598
-6.33372873002172 -9.921413516275413
7.105871049964195 9.10866257511573
8.603578570646214 1.8842592400435412
-6.161198081108121 -9.890041800607163
7.314983405977431 1.4357235992795658
6.8808560221520185 10.347832917640563
5.8071276137891985 9.959685509405103
6.231973379056159 -0.7274945477300288
7.298034144983657 10.2642451247603
8.663614343070082 10.042175699524595
-5.183074780455377 -9.184139361345329
8.306249577889158 2.083231105526578
5.660203194301357 9.181150529572566
7.7773972075969455 9.519882374513529
7.2483129784034706 8.09462266069719
6.824928577013509 2.6596664057738444
8.904329574738856 9.135768439801607
-4.4635930734690055 -9.827540871543848
-6.727387406061871 -10.147826508651502
-3.8737835100410853 -11.381116651650894
7.639447064094307 9.992765901544088
-4.286215157439134 -10.11067057215597
-5.151407149719837 -9.835715695500966
-4.706292805255798 -10.340864099001333
6.257732344994565 9.496431735567265
9.114970661356752 -0.4468366859811874
9.156683092959971 9.594598875233936
-4.643364363217075 -8.78811041828028
5.996718253835079 0.06436175760848128
-5.569166175553271 -11.25828619779875
-3.96660896987279 -11.939671216207854
-6.232587232512263 -10.295467093940347
6.758152532836144 9.937749349184067
5.466362206373668 7.9386761953739775
8.601997266021987 8.326588893750793
-6.738979378306961 -11.13942186009419
-5.643385152381577 -11.336667260884516
7.137601325463256 9.843454635777737
8.815456625950373 8.763860459061515
7.829448164576652 9.626271582582962
6.658774609335286 8.86341664954886
-3.072277431755162 -11.381804661537092
-3.9514869531859578 -7.82725168995036
-6.224754739111216 -10.312951421943373
-5.804976485285648 -9.490484862959217
7.693038599518465 -0.290007845304187
-5.456484790917583 -10.439074640785634
7.868495708148076 0.32950917027005794
-5.144527671590348 -9.140773827865466
5.613699815229969 9.932955265811792
-5.6115523907436184 -10.734894849335253
8.005580659499405 1.8811683196595081
7.738309802816242 9.56236852407141
-5.323722470228706 -8.520317250035738
-5.272910031792322 -11.209667919867101
6.754896516892117 1.0796292234264846
5.845617546941646 8.408799245280285
7.135617847493475 8.648691561291294
8.012792509342937 0.9606019586736432
6.540016928790596 0.8469355963366489
-5.663588184873198 -9.233430950999173
5.427955365181848 0.2044930558699009
6.972389971261456 -0.38540112005902705
6.702395835653406 8.952961099642717
6.61139486558473 0.9920126414434849
-6.533737331111313 -9.397659024857361
7.988133325193201 9.780335621588913
-4.418412897687607 -10.518867321984619
7.651026730091285 9.73916943225385
7.940733558157454 0.8022576012600788
-9.417021381010253 -9.320777169338484
7.102170122638735 7.5335314493593595
5.284357735533577 10.16972385386114
9.57159301669443 1.235577375572567
-4.562972287944919 -10.76707056333143
7.468375023048952 -0.370395213520876
6.794747648902403 0.12904747408838602
-4.028064211427367 -10.299181851707495
7.6532827870453914 1.037291559404086
-4.378759584787626 -11.288956882798356
7.507578165733761 0.4625124546794241
7.533641856298782 9.296195342478576
-5.4203920914639605 -10.612622525836972
7.128514324547483 -0.005098508927101175
6.322144791016385 1.6540153573056058
7.931948832244169 8.495614797800599
7.117453535852516 9.837702698187297
-6.5146968773740355 -8.764652681683055
6.967678665264898 8.962252297311142
8.238269053289548 9.31194535802741
-4.324328618483959 -10.538778232542521
9.492081403791326 10.82670873023158
-5.20725505736136 -10.620736792507966
8.263415695184726 10.34723435281958
-4.08988985380455 -10.134090709849819
-5.674875158398785 -9.905547542500663
8.570374568555511 10.843676402953966
9.674867531950778 9.338118978343378
7.3026800411156945 10.595789349327907
7.70215053579137 1.8443443182755586
8.47634026883363 10.661468659609172
-5.499747123563966 -9.907405060650673
8.948627070088115 0.9244565692317495
7.767623902622748 2.207620923848542
-5.418362335430144 -9.777471976919635
-4.73138372787218 -7.21759463573135
9.456209117405448 10.191305744053654
6.380929966163367 9.195355308501354
-4.493047440998815 -10.350877159797534
7.976613343990992 10.19098311518699
-6.092143562201231 -10.11010650873095
-5.072003025383438 -9.358351063510362
6.596820638410611 8.020069388218038
6.131165679325318 9.501550492085023
6.76282254631617 0.6051453524386279
6.721627960667796 1.3979138775170652
7.409347119036798 1.552512989673607
6.567719750696604 -0.5504503326850827
7.8251010710785005 8.418652661123032
-4.166302206869007 -11.00485585262075
7.983010592123247 9.857535527340445
8.035946277728613 -0.11286349218712755
5.9786004376351265 1.0188813463200035
8.117607662515203 0.5417079729266908
8.704596014781801 9.770533872924432
-5.142248659681055 -10.786329656771711
7.404672246622391 1.0418712529297411
8.531839707095271 0.519747314202431
-5.37532757405376 -10.415661380891533
5.867498067335642 8.177151880030342
-6.7680923777543995 -9.162638309565061
-5.407528152954326 -9.586307470731015
-6.050736357295132 -10.11119518026582
7.44380031235104 1.4908555248510436
7.325121569678618 10.332907327366833
8.33023434578394 0.8621300497783135
-5.267916130938398 -9.495675006141086
-4.68796504197131 -8.818197817728871
7.474594247837755 9.035390938090618
8.337423250681123 0.6530189923646641
-5.524174465551169 -8.738527275598466
6.604066520715655 2.604547234049077
7.309447719262704 -0.7325593990795134
8.07136775040701 9.859134866913108
7.929986791198239 -3.2011424779798663
-2.9030028410986404 -8.64333801656466
6.712597010402402 -0.17290448492450194
6.897038411334673 7.9808100888924365
-6.228268193552395 -10.894468663090404
7.763891287958037 -0.7549532632456255
8.878564038033124 0.615282555475222
7.243395451596473 2.2722866225731475
-5.19045747122751 -9.04009909336277
7.695473076251862 0.2626466790693853
-5.426802390593107 -8.62905687700444
8.282987310628389 1.0960131523923353
8.607395041845688 0.7444364124148333
8.233130706949472 1.4153593008687615
7.55018005447912 10.247657443827087
-6.617340777081746 -9.145690502085447
6.613467772780632 0.9882973091235292
6.03155027839559 0.06581264915468688
6.367226070370239 0.7536965969481507
-4.237345164554121 -9.598500453348201
6.956782144740861 10.017067499944844
-7.470342502690403 -10.352843486670992
8.562391706743698 0.7396052409137743
-4.128519178785485 -11.104405400990492
7.564759624459323 11.247628676699287
7.965133074604829 -0.4165732036989265
5.810428504991788 0.7876284615786522
-3.585531079673249 -10.071491883623807
-5.155223240012775 -7.905450702188156
8.100879651755724 10.296846434097645
6.975589675645482 0.3690706236130648
-6.8684599328300475 -10.800541443699252
-5.986009679016517 -9.861197072352722
6.758879564285364 7.984834219619345
-4.882357567889805 -11.166706313554396
8.83989544360441 1.8441572997625888
8.328136165016698 9.140024260933055
-7.0229249956089985 -11.101701365581004
7.419101524320082 0.6950094223162886
-5.461670460568484 -10.31419431239465
5.928316239483141 0.8051082817611483
7.354937801108134 8.772336763290912
6.64113302867733 1.5707711402928164
6.8403202398307865 1.705129596854172
7.034621902926875 9.579429429172448
6.158954831030094 8.702086854283483
8.061640781913768 8.437369677651784
-4.7886754796011894 -9.163792951124103
9.87692665705209 0.14083534500376693
5.757792310034541 9.5672454737243
-6.321503069927549 -12.47743048113217
-6.618886968101151 -8.123805981767227
5.991601099919924 11.268159660644304
7.068457233924878 9.424853604901852
-7.244370698503306 -9.234883073704014
-2.5370162013946636 -9.616690624768554
7.252454306241607 1.3037074896502474
5.365246331183638 8.109088180872487
7.715851097793715 -0.03494253997807539
-5.448890458158401 -12.12900891279915
7.209177471235821 -0.7408264095589441
8.725169680376203 1.9609763416732022
8.564814232346611 9.444920688789935
-6.600613812598581 -9.680044802446687
8.178581650805647 0.20648252111623966
-5.212808303325658 -9.639207167444178
-6.432299200163988 -8.826207279124198
-3.4864017487955214 -9.257669217594684
-4.067191199774964 -8.663718013426958
9.124956238350814 9.389740783381063
8.13360040275217 0.8765260237829223
6.602314278132173 1.0433605752076813
5.69720159958163 9.488590023562113
8.371574394275559 1.461121059737232
6.798585296429635 10.141118273421233
-6.2366848402688735 -10.378477218738084
-6.227822596610652 -9.613554441127333
10.077235974637393 1.4117710737693008
-5.622395186619568 -10.1963285351649
8.080346047745621 10.02847377227517
-2.5556695718511335 -10.162836521017287
6.119491726971818 1.955096627463438
8.259500267284736 9.078816493803865
7.504043817271001 0.9879685844388755
8.337789856297881 1.7353943908742955
8.64761940780022 1.4367290057825528
-4.958357596675837 -9.57979747211911
7.766961582505598 0.5027362083843645
6.95941728587358 8.592999938064438
7.5963509531288285 8.01979549661592
6.355114823157311 0.7744268792407596
7.743000113764312 1.912329107336089
-3.851953147159473 -10.516191530364999
6.334843488075564 1.2438484824059612
-4.045839861877247 -8.675680347617043
8.335949496394617 8.224382627605994
-5.869190016374918 -10.699830060436902
-5.511409826140415 -9.997978964019804
9.036123431273499 9.904656948575996
6.308949077853127 1.3480156573483124
8.717863018729222 0.7603837691379565
7.307495430563767 0.3611692401872683
-6.012721032597796 -9.667145454633886
7.082715723615169 1.9772456947131882
-5.251835395799858 -10.936542809164001
7.261129301101353 1.3458134918270899
7.502475511670674 0.5633642401272836
8.504386831346507 0.6307449388680028
7.965683567900814 9.637102991251473
-5.203234986599218 -9.788273268924694
-4.812298900102162 -10.501339030584791
8.386085131939442 2.0966262059519254
-4.36647331796166 -9.52267626682078
7.046622464688026 -0.2611435327723738
-5.125584849866909 -8.374726096178193
6.807832843564635 0.08882422273559087
-6.296169298128367 -11.075714387014019
8.735763540509481 9.270305257510614
-6.041519994574995 -10.780269970729544
8.234514318768719 0.8972643593236669
7.553033522622914 11.857061051517427
-4.0821757142346256 -10.54424447650744
-6.255189866717892 -11.118570767600474
8.922909092312365 0.8533330107487579
-4.262150051874384 -10.374524130446687
7.19930280346053 0.8923861456172633
-5.522856682510267 -9.188290110205536
-3.6922034225526135 -9.45934522143808
-5.748526921987598 -11.353604263677909
7.316856166576973 2.853975789549366
7.36682921244805 9.446192705533997
-4.71329070499594 -8.780731448858603
7.165127520575466 1.0384999242841995
7.541789593853227 0.2891818783046643
6.5102458343824186 1.8872310468716331
6.701210408156818 9.901730772544148
-5.19539613640434 -10.132466032189454
-5.2533729045873505 -10.016838926375605
7.535525728157194 0.9719572463802888
7.776829053053386 -0.5006202656793426
5.850659579895684 0.5390315890221393
-6.7938411734071495 -9.739944174250313
6.244621854822055 10.230723615105468
9.809472185216942 10.098776244389558
-5.668250838309435 -9.022958994486562
7.144105097783366 8.95209685091985
-3.7726763150173657 -10.63826466375932
7.612029295911393 9.028169223872805
-6.797449151065942 -10.85509086837021
6.666179777530832 10.621167762474307
-3.955071080137001 -9.181038019479873
6.424444793673148 9.457988060890715
6.936273868052836 11.677247889296481
5.55451795111377 9.870899985265504
6.484657241286529 8.829499465517904
7.938290784275062 -0.2562382111779251
8.99571920359304 1.0784749773164655
-4.4244121597716255 -9.668873840004641
9.02255525476423 10.067779007846225
-4.690053546668748 -9.957527636496618
-5.412022749317398 -9.237468697173346
7.020378882832865 9.256440634675762
-5.730367491571529 -11.187156976828893
8.910231477496989 9.768437534149703
7.135790570146837 7.58923120365543
8.296088054879005 1.9227661173756039
7.336543286852095 2.193163669386803
7.322521255354309 10.45661816429381
-5.357437630482103 -9.015101943444488
5.813120591906364 -0.9404585761950548
-6.947861633031598 -9.113133696492051
-5.5942455126831865 -10.68169714602735
7.050450591882654 8.73881401600098
7.700350037539864 8.341071869387724
7.950233605531555 0.71606891846096
6.360253565274317 8.951396071193424
-6.3548793953223 -9.689717464900301
7.924351295205772 -0.12168355987652735
7.052654531634987 -1.3754455464951776
8.076807633079705 11.74579608194536
7.618604762917894 2.266711653741716
-5.8943308163715535 -11.1611511429297
5.327805881905972 8.178004479359865
8.616485730375121 10.436749646466055
6.480930151495456 -0.3411843592616024
9.941099030505033 9.223956669241192
-5.894203142822024 -10.351188983691697
-4.856966026269301 -10.173414805175742
7.345902287461174 7.697375691392089
7.7136732698784405 -0.3349790236751369
6.191581444107281 0.6273532745048268
6.461266789315308 10.927687782133832
9.682462159024759 9.311574917019355
8.800021429840212 8.543235209407513
6.725046622109628 1.0330679215635241
-4.8344443653246 -10.502125929217549
-5.217906077704712 -9.743303262221959
6.74666574595919 0.3648238976761217
-4.941028024577895 -10.57802805656452
-6.53060741761877 -10.601613860862914
7.613987942931803 -0.6460697624197467
7.034432405163599 9.697367382354333
8.440539857017928 10.527061227761116
9.197832771944105 1.2036797121346607
8.532490135838472 2.013988309215832
-4.977138831402078 -10.463093763001432
-6.056347622801872 -8.747756010361023
-6.496773610126065 -9.845715438367401
7.759315156161751 9.12963513108231
8.81565511407091 -0.7823368921500573
-5.475500214051594 -9.695415045622184
7.107472235720036 1.5264066494832607
8.50049461069633 9.121478552184868
-4.616802119612434 -10.894949331088318
-4.384170686090444 -8.892163836971788
-4.020140620986861 -10.309240902862086
7.0778473791256395 0.5414860722723698
-4.469120470245939 -9.889829521582186
7.011198993436512 -0.07676503923577149
-5.370025468595053 -10.553249493531023
-5.795428977574513 -10.802526926734068
-7.39440876163806 -10.363821305118417
-5.810102446060017 -7.70615546066119
8.061957173159934 1.5016314441779959
-6.368062715802082 -11.606080178710961
7.3116992451560865 -1.0486070001314491
-4.498478981635463 -12.269968306451693
7.269244513022398 0.4535915231823126
8.270037315733095 10.138966771140048
7.366828120965015 0.06645720257996435
-4.021406907601923 -10.684467259843473
7.0005864103747095 0.13933606724327663
-6.524730344734079 -10.320738438418273
7.375233571125065 2.6646827166683695
-5.979953932712168 -7.282895928225888
7.305328543245205 1.6789963833346493
6.911291943215615 1.6485328080634791
6.647351804123419 0.8046428676212002
9.083646343672907 8.577780175259033
8.011886362571838 9.659491455164833
-4.861549948940634 -9.063495798610532
-7.428188209394184 -7.358798542590832
-2.7406027604241294 -8.481682290167505
7.733009535379924 9.565203660202016
7.583475197800112 9.16847211069175
-6.050944667944765 -10.547610547910228
7.685680437790085 -0.01741219234126723
-4.3927909721534 -10.752370353587542
-6.100045426843785 -8.584411304282627
8.701614047814598 -0.4162302285681079
-7.109830163199598 -9.857812808391087
6.070749493617276 9.8464029873994
7.269469547555358 10.983203690973689
5.598788697234291 7.591700220274871
8.86653632998617 0.20036599667618488
8.643724091316727 0.9547364635574511
8.182404213527414 8.169999776999951
7.401333186992033 9.393628139218002
8.40464989118707 9.344695631145997
-4.651300312544259 -9.909390913676583
6.134229231926467 1.2805158622236852
-5.001328586160767 -10.44187025446227
6.502814386405729 1.3255070699380822
7.120107196966859 0.41294141256842515
8.43705294578131 0.668561864850716
7.112462819324145 -1.022911146888008
6.000561743408174 -0.08898954782869029
-4.734900363433929 -9.009352272313023
7.043105606735082 0.0851843434449644
7.968796994731144 1.160976940223215
7.396345937007458 8.901965589004742
-5.542578452866278 -9.541341325385806
6.58341964626203 8.426786794386613
5.844260790677101 9.679752764793742
-5.214562430435767 -11.4565088197297
7.97296393179981 9.303107578156311
5.913870658872982 9.167263948831906
7.668587894339398 9.816388493193083
7.366366965528049 0.6509478630781979
10.12167542068844 8.609510701140163
7.470057814257379 9.51761916186579
7.891672008298327 9.359525811644351
-5.577540956967104 -11.41976375468438
6.796196946332147 9.01744680158322
8.856582331625864 9.522040429570326
6.4770564402937945 1.9766557455338813
6.967768048485153 10.134154534947147
6.108460663453791 8.233439954433162
-5.964357950973408 -9.35142600520069
6.029378979372048 10.319740567539885
-5.3714036306959265 -10.178847977548001
-5.571689795147292 -9.37120895809709
6.590363394318843 -0.6215174823079286
-6.559806012054213 -10.883232853922514
7.529945142901176 0.9348663383929241
10.664314154753402 1.0162627531676474
7.654010841627685 9.608541661735774
8.053843888594598 7.179847762036375
-5.289064298599349 -9.281378321694431
8.008997515954228 8.858210631335801
-6.390351677954062 -10.125306742131935
7.51052135110724 0.5879964465993872
8.894646056687815 10.298063970155248
7.597087707482666 10.819669848762196
8.839114864702085 9.599352429443204
7.754056898645566 8.74810005059284
8.129115548604975 -0.1007606282719401
-4.397615120137605 -10.427329717963765
-5.877460268677812 -9.82630930994317
-5.067990234447725 -8.68753472180315
-5.658592218676546 -9.133440364806019
-4.665015236621276 -9.677873921257705
-4.590486609915501 -9.980275435568336
-6.128555250529373 -10.965144644000157
5.474811048314352 -0.1867061430078112
7.600644411628001 1.554509348365852
-4.546978139827678 -9.559988404017696
6.305749769685875 0.06727023564289625
9.369492612472586 0.8045909178792482
7.8666608459416505 1.6553656674107602
-6.9025381846707035 -9.264791418192923
7.0279962523385615 -1.387330887763531
7.220098356219611 8.11418675776941
9.188100373412475 -0.5856001565881401
5.567984536878798 -0.39280376493941715
-4.902564752915578 -10.387628543833554
7.861940632557882 8.796508559021325
-5.513073468166652 -10.56830833115742
5.694968505516759 -0.6349303871250391
-4.714068912666926 -11.63610415514617
5.936331819872673 -0.30495270742436853
9.008794129700732 9.837477644601448
7.645628401112976 8.236672534312923
6.7544505381429225 9.745319331430215
6.183596783088461 9.289305810076652
7.976147966104843 -1.1837883874469766
8.785052294910209 9.014766790706332
6.67718754625167 0.9286556176167815
6.843714977222564 1.0374410327436427
6.938139506150312 8.604795483808802
-6.007093864676621 -11.93033468375413
7.052308382018942 0.7992579915670668
-4.339489719475414 -10.945506215717515
-5.825438391642954 -9.25348040117686
8.682096469250274 1.948442896708631
9.478188596520585 8.928303038152727
8.463323400856188 0.6026726620271651
7.601492626794556 -0.04278593779295081
-6.007117230605132 -8.613908215737213
8.349375653011343 2.13330584203062
8.096615156837355 -0.7425744942676646
7.759294005231102 1.912479439226449
7.464259734874533 9.154876498835575
-4.99916014961478 -8.690385793029686
-3.6091710559692043 -10.055255238158503
7.75704319023518 -1.310970600627086
7.033413067384656 -1.1186736817094116
7.094764057707059 8.325454111810153
7.8125872685510656 9.198254620358393
6.0367125424670665 0.7102468016402803
-6.674616737621431 -10.032397675143054
8.569178114575353 1.2602806980765817
8.32311561195409 1.2940977103905684
-5.103066411175319 -8.588668621006615
7.890645942118652 11.464336791479035
7.732811641663545 10.490957779178181
8.772772488018827 10.761174495315318
-6.882447813514506 -10.549795346099417
7.911370681926792 9.072805284325636
5.947293280153079 1.8929767302759661
8.004022596166875 0.251838894992629
5.96649685071539 8.920105216681
7.558501385521487 9.748163371310632
5.386969641781231 2.0195018267462945
8.129788527553396 0.37651159656264643
-5.391863794960971 -10.060892445209497
-5.7701015211369455 -9.867633676479656
7.499852369522471 9.552742844448742
5.867281184314194 0.3985312128028377
6.351294227631647 2.4648548133645987
-4.4330283922683735 -9.629918503514192
9.587855132457948 1.1710442435482378
8.612048169741582 -0.3208906440516175
-6.048644991211281 -8.586050252908414
7.337816692582679 2.8586765522033075
-6.053153403771786 -11.691246561555438
7.26697254453205 9.87045836320718
7.2220896758284585 -0.2529664415052628
-5.785706198588469 -9.187364490972966
-5.793938402042212 -8.98713928176693
6.418958968681232 11.451350120439152
7.095877716564189 2.373971206951484
6.985976231999737 1.3481762860778752
7.530290442940047 0.9893530537336925
6.74913473295839 11.345031730874531
8.293643637409417 8.688941540134298
7.084129280420368 8.926111160214678
8.483854538910604 9.827470889745747
-5.683332256768061 -9.50739626383867
6.534239698666864 9.455323410435087
7.490183855113203 0.321064602688287
7.068320638538628 9.180229541133665
8.078481931372043 0.8527130608319684
-5.133748661822004 -7.292268545014604
7.761509538047091 1.230128384871898
-6.936844714579652 -10.197730477198952
7.992614666662581 2.4181800932292195
-5.148108425754898 -8.808732052303029
8.328377242210898 10.252653630118115
-6.269541806841227 -10.645097344781606
8.32861663916324 0.12597241460736464
7.92625009942361 -0.2765652975287539
-6.512215196377515 -9.8802791017968
-4.5825114682194865 -9.537076758757236
7.559333148070249 7.849185949880901
6.461068367066655 8.420254759811591
7.463039187323793 0.4884271794740449
-4.8892347121442485 -9.22351821169493
5.771820009656186 0.8707127412122864
-4.98901527464514 -8.785369079868445
-5.7455753580021165 -10.236626339073027
-5.3087590060263015 -9.444011734066194
7.107932975955882 9.782900228309533
-6.102228393790508 -11.16743875635134
6.095929045968829 6.519289170186312
6.9871115555988546 2.538335460148354
6.558192058720582 8.847932387351088
7.278828284818284 0.9395983542922955
7.577357311203285 0.09798151916066977
7.127621727633589 -1.6126381406953443
9.090882930366046 10.056692654683374
8.830532419222731 8.755641346603582
10.398839577374046 0.055219051941183595
6.505858465308766 1.977661148847161
6.912688198224192 11.124343321291656
-4.420754639061183 -9.439914899620506
7.173669183144248 0.8649250868639855
7.86019770170369 9.217441748468786
-5.885776439937591 -7.6679741988703
-6.83659771097211 -11.816106549288994
8.324331023816129 9.133082479570454
6.846036207317981 0.27206771726719764
-5.133998706184097 -10.235774795878772
8.586272342706852 0.1584840824452371
9.026845470646332 0.47192806328551606
-4.0738424625197975 -9.77067082238216
7.1232911975278475 3.252803476210373
6.951912889315823 0.5741229885126657
-4.411410557066853 -10.681911506845406
7.803795334004799 -1.3511736144973612
8.487912718848648 9.166285712114082
6.268359271500684 9.347651742446532
7.498143734038043 9.29677019315073
-6.40539440134018 -9.457984069630648
10.026165836708968 9.903861254880807
-5.20317649827397 -8.905341470566626
7.782240051142107 8.55083150601161
8.87356881064407 8.78077548399828
-4.995271867910833 -9.074209024604533
7.782904226263358 9.553287264450697
6.976465833949504 9.593371595141903
-4.6894060675982585 -10.027281647038716
-5.164327989543506 -9.226730871284152
7.942515622950301 0.004123764330881352
7.571393538545088 0.397259121004556
5.316819139005786 0.7519663102133354
-4.51829136286369 -10.789444864100512
7.541073189113597 8.998105761927238
5.5095912219786936 10.149651748137678
6.799955886635656 -0.4209768285201325
-6.339454734843305 -10.265201933674392
-5.170687233540047 -10.169243168172578
-5.82889721808918 -8.54735788391045
7.842251883312536 -0.8872165849186151
10.328278200876667 9.751557435854059
-4.821817870861465 -9.503496714891268
8.995043252453556 -0.05100803787352126
7.713646935756373 2.1323275507396713
8.023429180739248 0.6651126552125392
-5.627654385453953 -9.864270268985855
-5.5308988738490115 -11.227798530881092
7.890213577224085 -0.13361205123183362
-5.445539971414128 -10.303710590075845
7.345025390488926 0.14806219194297904
-5.174174585620562 -7.695299194037803
7.37044117733507 10.127437003313517
6.510961705333541 11.223356787955547
7.604899548186902 0.5451930467064839
6.1240784596132425 0.3635093767566009
-4.721546302700545 -10.590608257108714
6.789278113173956 9.654252336374782
7.248120184081138 8.015368585468202
8.962494792030821 0.8155053615528928
-4.285425314136759 -10.021834598058707
-6.573934813788503 -9.979103423947347
7.462705043706143 9.596280779224829
7.825375193151705 12.282821757159123
7.613424184691632 8.785468179808046
-6.80441682680047 -8.947655477131104
7.327400012854258 11.343591250158944
-6.136241350735712 -8.407854613889256
5.9701561271725705 1.1601379625268948
8.621613006203166 8.481491979715631
-6.367343183615604 -10.608039839829772
-6.994704725688589 -9.775727478639169
7.695706559418399 -0.0704761136008194
8.052923351611067 9.918080168277086
7.294339842191692 9.794864677450363
-5.471600310071783 -10.144040001656734
7.2985110637443835 -0.6137349989688832
-2.90605001106665 -10.655567145704415
7.941566442099247 10.170171010692508
-5.656075790123294 -9.218868298524919
-6.126206941175141 -9.454673591032336
6.799474844862694 9.166517780222986
-4.064788652917459 -11.36890780941622
8.508479458070768 7.7997396090303335
7.065558305192576 -0.3767471155401376
7.212575637551 8.617371256920025
6.70727256001126 10.797930083167728
6.4491735335432745 8.991193930336449
-4.47694405650682 -10.45150032769712
8.204206924776992 9.31490435703241
-4.759032930797067 -10.207861662593327
-5.873007662700875 -8.85468850955546
6.2750977863531086 1.6778560573980323
-7.374512170727568 -10.656006108404256
-3.8587357179656916 -10.451344876366932
6.774560339792254 -0.1367919366606537
8.386556404647404 8.825779616789774
7.488428260348334 -0.1756883835864581
-4.899900171149814 -8.675201641589934
-6.051184850728387 -10.102745776522477
6.867358835796169 10.176262190802424
5.748164823796282 1.4817285393932838
-6.492893513445634 -8.736856642224062
-4.617010942128589 -9.648559833197563
8.652164145637352 0.20096399579466234
8.500601810841538 2.087072242031854
8.330848994763674 8.726836202256164
8.56066867177818 8.443787698891757
8.20316159490136 12.013756180960826
6.197416297527548 10.600118246537543
-4.4308777389672525 -9.307952961794118
-6.924641820812769 -9.045267677112994
7.73480071663422 9.132025379380119
7.069227987102618 -0.5531949659712687
-4.119028209255852 -7.955856532514863
5.054084598651397 10.079009900851357
8.943024149738253 8.407216892101939
7.734932283832263 9.481943576346382
7.316820357156504 2.727569380549975
7.08282798366225 9.719213310489213
-3.7307015635014675 -11.205411556401497
8.729541065014274 2.493726289882107
6.441132206527764 1.1628904555119255
8.29568826479096 7.681029996561204
-3.613877851585639 -10.649283755006715
5.814825144587097 10.582520392706808
7.029038696721503 7.442380159442099
7.5557311977757164 8.758944702134093
6.137357459004443 8.287569516754742
-5.481940461162939 -8.627987936497938
-5.5925691758443 -10.046524093536215
-5.38891405323016 -10.461564332521887
-4.811598667816912 -9.230369273124769
6.230076835547712 9.808258981036609
6.975041623759567 8.745498569526504
-2.9726780116118645 -8.602079072718169
7.405819691089473 9.538803650189077
-4.85705797931528 -11.284816223834056
-6.61681962560852 -10.823382706705658
-5.786755041075009 -9.584086402284903
-6.016683404642121 -10.590842000084876
6.855831974929691 1.3852877286224707
7.18829050407796 0.2607967630405789
7.028738091098665 1.9260787198682778
-6.955465146232937 -9.87062850781899
6.023257489708439 9.44680071303889
-5.136423338451395 -9.266662053635066
-4.84870587612072 -8.955611611127015
-7.044426402181738 -11.038114108669244
7.799000127693189 1.9665805882193401
-5.05310242834329 -11.197700190958093
6.08908036660031 -0.1984322137445882
-5.9265375761431525 -8.875149524266453
8.01864472807597 11.362070799171555
6.655891363459293 8.010925833927223
6.728460622213957 9.646531726722365
8.27458019026074 10.191910907457999
7.837261600062347 1.3264800534017307
-6.124065138405679 -10.78525134182025
7.524112680110249 7.759860003424057
7.199932986021993 9.223367557913578
7.274232653223459 9.184599908877153
7.312942959419803 9.921663312724965
6.892608939434613 -0.7216918217523296
7.366256631201981 0.2622673120506677
-6.309402308844819 -9.933445491327785
7.6862189434817685 0.9839568516356676
7.439478971372225 8.842126247391423
-6.61887642242132 -9.392858537773547
-3.3908073221931256 -10.635671528644234
-4.167697290450924 -10.652141798354515
6.988026486283867 0.6240518026437579
6.34639658368311 9.112323329191586
-4.915265138115443 -7.409362016962033
7.510112811275045 -0.7544031389531691
7.415465953879694 9.724758371838798
6.240100938568839 2.349755104569013
5.2780175677390995 8.93474119162427
6.517451921798374 9.70095734327137
-3.9834134793610003 -8.38563098300249
8.422658090584877 1.5242240309663622
8.14952071566173 9.370428247258026
6.345261255285186 8.706777786834534
10.529055752187825 7.913194559761166
-4.044678159789233 -9.824428131510949
-6.1557385373220335 -9.312416192040349
6.466480710368965 -1.0378717518514786
8.256349034327643 0.0009731405416411043
-4.47272477414401 -11.178348009865426
8.362100650311755 0.6962924736676309
6.876264335089809 9.22600968893399
7.526612200648185 -0.09627514138320858
6.120522790631114 9.640647666149825
8.70688264437905 10.689495211700994
7.148329045156171 8.176260517560383
6.859848795141786 1.3035529747486088
-5.133809416278243 -9.519960780454785
7.892811879193039 0.16240840022323177
7.341849148849805 1.1394597272734872
-6.0384872490527695 -10.659823596296873
7.420049129148296 11.697027646428674
8.818548507853842 8.458093040933473
-6.073624789456319 -11.055937393739992
7.162513556122373 9.74878714371016
-8.33472294724428 -10.037537501127202
-5.0964760448695685 -7.453174274953753
8.76643118868822 9.30350321074182
5.914146506360506 8.244433571816877
7.643569444059075 0.7345192700587333
-7.453279979436093 -10.275821525895447
-5.348562089042514 -9.42470287998713
-6.6032867448147785 -9.626973509103246
-5.599576768458046 -11.291295603120995
6.757510386530139 -0.408699081667931
-6.629279494472107 -10.762141506344028
3.909128391335498 8.100093973917982
7.49501967859058 1.3359759234900261
7.816918765344801 2.1857000050986564
6.278772368456181 8.721863816239065
7.147242280563649 0.4151446099171603
-5.24782477303235 -10.632128299637529
6.846983258738151 1.510670965847557
6.156585122845603 0.7442678934855008
7.112534777925934 9.433268140022674
-3.561036158204566 -9.540943385936917
-5.256330979497233 -10.37156268598262
7.980476345605077 1.552361547779423
8.090742154489607 9.56303700297735
7.452720545096936 9.412410341723735
8.936724595449965 10.096005814158842
-6.2578309714597555 -8.819899945400966
-6.09403957101593 -10.29924985707109
7.771386805226157 0.8979386489826864
-6.284682879590443 -9.976514985847741
7.729465734704543 2.1609254292716438
4.805867208409833 0.891751695863745
-4.874199399244837 -6.44408496086735
6.951715693269577 -0.7107164914423412
-5.932340708788654 -10.980817639024277
8.96666374355079 1.1565381979201257
7.6412305528167765 1.5936249552681034
8.98344372020893 8.371971602944328
5.678210894350838 1.0010847710004533
6.470337776876818 9.60275985689989
-3.558718352435597 -12.08497834283384
-4.268146418038731 -9.335627706444356
8.562549079165528 1.9671036967433961
8.782185340272449 7.696247365244817
7.2540729482878055 0.9325164929602017
6.876047381187149 8.50538356199059
8.372792840885213 2.1166635958410924
7.428813522758255 9.64787208323122
-4.568894006336975 -10.581984543686799
5.055547683825083 10.447916417504597
6.4100075274043755 1.4729352946622092
-4.377416143623412 -8.235112291105679
7.395722004207933 1.6587629191602489
-5.355669176989367 -10.091443509532057
-3.031208882246836 -9.238316701505246
7.615416524234032 0.18070391024686056
6.814995985923631 8.80827503766069
7.4078387066007965 6.936330829821463
7.980018196702833 0.6754339967291245
5.694273992639129 8.89647002172855
-6.028815818336439 -8.827896169016983
6.354469184321326 10.864033367413178
6.544669350757756 8.690372423652121
7.141903175607295 3.6304189383990835
7.398413813967763 0.07824028510901504
8.637779116940296 9.221066439987725
7.643292902882376 -0.27411936248935
6.746714678366705 1.1929569550538113
9.515117336124291 9.44096475249529
8.015583888394765 11.142979948124005
8.652565017703273 9.607717589357934
7.437357606751988 10.98250925998224
-4.183127492945936 -9.938997907423948
7.701871544737099 9.005535159034844
-6.62901981746334 -10.540567910317154
-3.8833014696047936 -10.998590865354627
7.717888014773022 0.1061035381805473
6.174767409046598 9.2129774475215
-5.951067135272859 -10.622035969923678
6.485410372914209 1.2558193337212735
7.35987034252196 8.500618196138324
-2.748359707425561 -10.24718799038479
-5.506717887869093 -11.036561774886579
5.558640724936957 -0.2833923938347348
7.686796567666897 8.254406970021336
-5.298268502689185 -9.408821880002646
8.822173991950118 10.762321620521513
7.273511478430991 8.62669636275421
9.006726251902663 0.4943623334183279
5.9634721002312965 8.500434963957572
7.629375666717712 11.115323230284424
7.035770530287003 -1.247182283347964
9.815085570318894 7.289989849446281
7.605880959633679 1.015077900010612
7.144243367235228 8.889174214457862
7.270818690607943 -0.425275056810025
6.9030560092109345 -0.11820792716645578
6.376793960828726 -0.06699167368942172
7.2958656500383 10.817327272529395
-5.495359800210519 -12.036154852370672
8.05333078482792 10.854081073735355
-6.151198979057962 -10.806419883217526
7.568333855095813 9.324433090070357
7.418978542594905 8.589611474572054
6.203729478808466 9.967828286503885
6.251616456112249 11.622132302794261
6.191930858993837 10.483801997886916
6.8576950333519715 10.30105928981949
8.676587313942507 2.0927334299982867
8.130275825869674 9.894843874460522
-5.435501599385143 -8.400025181416105
-5.699755605554329 -11.191488494104362
7.949485073056816 0.9985243961110366
-6.063338789511405 -10.552840868882999
8.823202369345484 2.5549979093941273
-5.25500834811579 -11.371719921284605
-5.321210278036447 -9.454993242200675
8.70844617990702 1.1056004723252952
8.406931218600477 1.3363436605080967
-6.046849700137017 -10.365402581556046
-6.715441827261159 -10.724534124989646
-6.8114266364516345 -8.888329217474752
7.1983053274844035 -0.5032756702430938
6.174010938137198 8.417496377191858
6.168456885340752 -0.2998337913800997
-5.015243092451938 -10.208481959461231
7.776133293830003 -2.0202895263348895
7.761340853441264 10.012594100689398
8.725022979228218 0.2317327218054866
7.097004330556442 10.144917919844533
9.471611549712183 -0.17541073814360775
7.0591561376487215 1.125374677674083
7.2085312449442975 8.841457061571846
8.323802188957746 -0.42580498160319946
-4.402160427524273 -9.086899772715757
-3.9018680683627753 -10.298161638980407
8.671799560040983 10.415388347148358
9.631151928380447 0.7371764411701921
7.008466181250357 9.899914743130882
7.380179686934908 8.530768233907269
8.148873277202195 -0.18476911781495065
7.3649050960032945 8.998596572905837
5.193969264897518 9.958976871497374
5.090427570655526 1.6623985137935386
-4.723174918767546 -9.110328890420893
-6.050890338684817 -9.704369437511774
-6.715495518150627 -9.80512998720959
6.257508268539031 7.902010198701271
-4.764217805055875 -9.750091302283971
10.279542905833543 9.825505656417928
9.152218643711421 9.444449922356874
-5.8785051011902905 -9.072330232665916
6.161095838916304 -0.13619632240913404
7.1023782219531615 1.1605046444081704
7.84402130307111 10.290604026088724
8.813583179532328 10.382551885906597
6.285160908503309 11.287176866954118
8.011175419595151 11.317156520219145
6.890788892476584 10.61298901682553
-6.543723331675585 -9.815102301913315
-4.783277436237068 -9.99519747600124
-4.9212922891567015 -10.745054826157823
-6.283976986094743 -10.362172235785868
-3.8614172946709946 -9.365475223130712
6.4825890658140635 8.882641158721292
7.829581778043418 8.89779120761757
-5.480767081828402 -8.483503327835429
7.327421541269232 9.836794804405047
-9.094305847473118 -9.852759746763716
-4.466088685547672 -10.536471520802467
6.733957835078417 8.132609557206901
-5.27967358619486 -10.042829385929423
7.39170821542739 0.8748866990015195
6.883545777975707 9.133488310111872
8.562581979091485 8.121830104432647
8.185144740666244 9.513377728246477
-7.093757534531739 -8.53898558419346
7.491584454785048 10.125579743666236
7.430291005418153 8.996129596285451
8.189046959257753 10.590292351586207
-5.436785980591519 -9.027444182086512
-5.679656407530383 -9.973638179691843
7.931099178175731 1.342594303875181
7.145159014356331 0.9146750066364451
8.557122043956866 9.64483943345044
-5.490867040732685 -10.71384378987631
7.04895176354215 -0.16218055647134333
-5.40149022408851 -10.093385002988214
-4.176691278532803 -8.761167596020933
7.193336928182956 10.484496879521036
7.675374241326186 9.588135983615501
7.985719659693921 -0.538933484472875
6.023672851939418 9.945848986240046
9.898969613822434 0.6808120109798308
-4.944625237964091 -8.555301449053967
-5.533891321870661 -10.743997306087662
5.220860387484898 0.43733724081269515
5.726096480008211 10.122722951961855
7.3508096152606575 9.837640230913772
-5.872515033210928 -10.056160486183941
7.743712760144039 -2.045012661787091
6.936272318052092 8.586162298505863
9.127752609234273 0.5001449341348683
6.657126903265955 7.727562327539484
8.393407240045168 0.7186788876780772
6.739826357551413 10.116724267832328
6.606070645577839 0.3598270349268609
5.923319757314905 -0.8112548300622335
-6.222891474956813 -11.30271275923397
-6.1422679732303935 -11.118444636901065
5.779587464857716 2.827341505803972
7.757761777825198 -1.5594852100507866
-8.292591320254331 -8.895754104158845
-5.223876342035625 -11.855135233838439
6.764635414363291 -0.8562074227596312
7.206159128524442 -0.13864354132911527
8.210425135539577 7.852069624077895
-4.225573524976372 -10.966831256519997
-6.455012545631904 -10.012847458887242
8.749478808621001 -0.1953774681851269
6.711353234439589 -1.22967908588226
-6.471621565552621 -9.388507956346764
8.828379820932483 1.6219197122559978
-5.670215483229519 -10.359267965298796
6.926331208055714 10.523109865189872
-5.273049703845961 -9.511737339947052
6.703206867640241 -0.1831380576761822
7.747898435413313 8.515418158798834
5.680789686832766 1.7511279620796665
7.090229485467765 8.579197984922303
8.560337849429144 8.147357867063114
-5.560539744560793 -11.101639156029915
8.039351076254427 7.927554187753168
7.856723249023527 0.8011604907921404
6.4764601752236155 0.9025509353757348
5.974639733412724 10.873506229499533
-8.14212347298275 -8.926254146263737
6.324774764629154 9.312177414966332
6.4682799751404945 2.0650662234838375
7.074771719217894 1.3032517080223445
-6.654549406149279 -10.765067628464564
7.402927027731533 9.162177021686484
7.815725819070164 10.580497131267746
9.705919303299636 9.679122571981726
7.630271164581405 8.69797932934509
-5.048073785060065 -10.730647721474266
-4.647123099652112 -10.00808887529982
6.490345153366874 -0.7446321831961722
7.849855424714227 9.960505615177706
8.754201505742596 0.6896785541025962
7.413952626309933 -0.045715629436325345
-4.808024668819958 -8.634588503348462
-5.489390755850857 -8.721990510902325
-5.3864448269539835 -11.673907817836268
6.681034708017943 1.9613592882053688
-6.520559884981825 -9.045689587258927
8.062160637969415 8.713843739370239
9.17061801150707 10.376906958963211
8.171723901849804 0.4224869216632585
-5.973426412730047 -10.99641427089827
-5.817556008897447 -9.61923220717043
6.168306517548319 11.04801389355212
-3.9227321500178407 -9.668431684284224
7.585959833574398 9.37886943179718
6.4349195942297674 9.974160938180752
-4.0993048577762545 -11.429608915874933
7.270558055209255 8.633104122418523
7.3343714700514235 0.05756597137249553
6.734904884628148 0.408196803970848
-4.9415466007574675 -10.152534341056032
7.533025566715721 1.4081351688457917
8.6287047881864 11.263554341071787
8.652556007649268 0.6112399752730534
6.127249389512283 2.3390586395538704
7.188368239662902 1.3359468242767627
7.799246924074256 10.595769524075402
-6.48803040043333 -10.608655083834417
7.765341898920172 7.5514460372684304
-5.140087687243982 -12.70985983351242
6.182987526810138 1.692512258446408
-4.8254418684453055 -7.666739289768528
-5.193270073896755 -10.843238905606206
7.154961102172763 -0.7919350274093453
-6.643229815329321 -10.403696639453154
6.456363408135688 -0.4915222386199041
-5.908709889896833 -10.555401540156783
7.138143577025412 -0.6986469537298445
-5.519785931901141 -10.388717423439548
6.698194619395197 10.50100293686818
7.348930123606269 10.217973303197589
7.251372356465582 -0.6376537745340931
7.620515842091222 9.371448142389962
6.955869177239164 1.356246725929111
8.190280193608158 9.192136202669216
8.953221296166953 7.806858830291276
6.516825009951148 1.8521345649404808
-5.944013356139263 -10.649895369666396
5.073374915485944 10.524829732323994
-4.611685792542098 -10.45546958685124
7.43676842663263 2.204487398684053
8.264622872360976 9.084287709515012
-6.27167529173723 -10.101781875260391
5.674807114224773 8.366011374525089
8.57708149549941 0.013287384551449843
7.1843253249613515 9.319219920986189
8.248408416963311 8.2829126970205
-6.116767825529416 -9.22753033292387
6.20525608108663 9.722662290759729
7.423823808501373 8.678360212342868
9.29972817199365 10.574972145796865
5.485692075795092 0.5498087162893401
9.563336481569348 9.515923021006952
-5.385203443163989 -9.000176581680902
7.6025272017812 8.989623865197585
-6.174124107648682 -10.603721816880217
6.025452324867894 8.306239229660909
-5.611967043720963 -9.80682048908013
7.601887081666246 10.0690234341535
-5.523110036176207 -9.943435811350508
8.110486744053969 0.922050957832366
6.516302870267309 -1.0050094531129787
8.446535833036474 8.177097198824901
6.167672344257179 2.310935946491136
-5.529695858521034 -8.64084517724109
7.44922673133773 9.46607695167598
-6.099186861677981 -10.166764024836777
7.315590487269042 1.2999712508108063
7.490571263553062 1.5917611183077927
-5.954220807870637 -10.083009862890961
-5.427101053120703 -8.593859873833624
7.535087012848889 1.4437042993199256
-5.166238750586529 -9.14364818068038
8.958487149009914 1.8568577635716244
6.6907485538127185 11.951698372040132
8.758949927499842 8.375096687999966
-4.541039457830153 -8.360323361151936
7.682568817588929 0.5934394124970962
7.205078207738282 9.1870119032119
8.147293920998827 1.2937138271313022
8.166823012904647 0.7128652614178879
9.815883092150676 2.286650419260335
-6.436185743684628 -9.828883428358882
8.815718401780952 1.1188680174043337
7.6575014586735755 10.543870658005133
6.843143131871672 0.8368614731654512
7.395238695684469 9.144728088087732
-4.0884150878563785 -10.13808437816312
-4.984802147182268 -9.631519728714267
6.637988283614584 9.866219922520358
7.157023383559479 10.019030040564575
-4.185498609347202 -9.900885866172075
-6.852871703717388 -11.523365805375867
7.380684616471621 10.310371059095889
6.973392389590229 1.3152565998793215
-6.2299226371715495 -11.01362632880393
-4.708105497172689 -8.048893772808414
7.778342900215156 2.547710948719198
8.461107851286656 10.042534096815087
6.519828521609212 0.35486427149806654
7.197689588343814 9.758363401996942
-5.953631067764791 -9.753776484181085
8.259129771662684 9.878357863184414
-3.664433386058736 -9.020657850918635
-4.771670495588862 -11.701823235794446
7.794161547202725 1.4967843373843621
9.560996730186302 10.662908156574321
7.6839615052975025 9.018794982523133
-5.495869064172417 -8.983432059769116
7.31148582795309 0.35927591752482757
8.011419197557926 9.201929937771945
-3.1847213625792237 -9.75087460866611
7.346823867266033 0.678874392313031
5.801720477129853 8.788728124314357
7.883571427924204 10.939695145994671
10.14522760160747 0.7845363599554895
-6.163773766547252 -9.233180047518138
7.6718195180580215 0.3018584115364637
7.263035467630798 0.2570826449400515
6.654540692797051 -0.30702773318708987
7.584237253535643 10.701243878720067
5.717052938053734 8.80772200239937
7.515899092800294 7.756087759397815
-5.709134362586614 -10.061446441174546
6.877701458008548 9.15786210269019
6.093822816447005 9.38044447288155
7.299314661417142 0.010726249280453737
7.144610537616683 11.254631886978462
7.041539350836226 8.104479681586964
6.267920665535631 0.9815790958910477
-4.935047205342378 -9.296191304219883
-7.623564229281936 -9.296119472882232
6.9313170134261535 7.894247337172106
-4.048402348316051 -8.43561937854976
6.418190764826778 0.5793955440544087
9.211253513169044 1.3400452311740054
-5.603122128288633 -10.651737079124906
8.204091050240246 8.701913614345015
8.29517154948362 1.6925571620325732
-4.2909776050683455 -9.77706554944445
-4.885400574115144 -10.238484519928612
6.76857073727504 1.6842815686635881
-6.70223035858 -10.508688357840235
6.709023685001715 10.114635846800534
8.209892199464038 10.425294201940035
8.412501235857516 2.0462315502267554
8.736357547811158 8.122920253989244
7.466231886434677 10.638918524076141
-5.327706856596477 -9.339416087159403
6.793192176884651 9.036795244693243
8.102914694725246 9.82883918835551
7.146066008396695 0.9682947204892025
-3.3829203507873453 -9.910007585682107
-5.0157065554081335 -9.842442112022386
-4.3764110956247535 -11.792379399295614
6.505189211803362 9.02053654098528
8.031274855428077 8.377475219135745
7.39967960252523 0.9125888100340231
-3.890158425747176 -9.875056886661302
6.591153612986545 -0.9314678143707626
-3.8484527056537905 -10.17796300513913
-6.609863569132749 -10.609382932519301
7.899650295963081 2.491432397443745
9.396356737846471 11.076062518189937
6.715255478875673 0.316485297725653
7.643871732662843 1.3187640084278502
8.65722565853182 10.567352354512591
6.765258792640793 0.05560471154915314
7.653373229932699 0.003090404365644339
6.923463408308503 1.0077164016519846
6.771703541648452 10.114938722463332
7.946235377103866 8.02372264023768
-5.397350154902395 -8.832211026717342
-2.8160930189882722 -9.783765937301258
-4.127253097274805 -9.872241473466365
7.5590118208566315 10.540869404833739
6.042594026551207 0.13981063928428655
8.161114639195306 9.4767259386032
-6.782659037664729 -9.83714710403252
-5.778990182461478 -9.664552591459467
7.150133207724267 9.52893935491138
-6.305066384640872 -9.854228748140992
8.317930019011502 8.129727053740222
8.131829096925145 -0.41139597549704443
-4.174019051628635 -8.443937322414378
8.405192255722419 -0.4143234789690209
6.47379481010552 0.7855137423975147
-4.3928610050337955 -10.318629342027787
7.250170244040694 -0.14781772344687416
7.542139601835854 9.146221820782435
8.255819510385814 6.199873472935455
8.71927202445586 0.5646177325063744
7.091478591411262 0.6276505130506156
7.4099337485144785 0.024606281107869776
-5.001181280945288 -8.972435660128648
8.838551593639176 2.678523502721794
-5.395507565481127 -8.349632076771034
-4.956842406972416 -10.240064050202974
6.270796943176579 0.10502035295322398
-4.935837980579245 -9.496398361849874
-5.432777374487223 -10.530242564791724
6.79018801695811 1.5676684956276752
-4.516303427086481 -11.352027536406249
-4.856914293885796 -8.763713444999507
8.831139581673527 0.18507182731114757
6.501876915410132 1.5030682795174326
-4.7997140688693385 -9.077970001264257
-5.205838430587853 -8.416771420955905
10.407777511383054 -0.0048417360129412446
8.210793409692437 9.622313759787748
6.861970412145849 0.021028879314438642
-4.148297931167623 -11.431378760916884
-4.156311943759814 -9.215379448577632
-4.556844079854168 -10.43391242161762
7.589561079435551 0.5531619864879608
7.5342441176735715 1.1205292031228806
8.484343232056029 1.2784993304120977
-5.755590944981313 -10.837049688477698
5.915682995094313 1.0763688443071078
7.101432599072728 0.8754867364161056
5.946736667953074 10.358993616227824
-4.956521367182253 -9.952703535191635
8.574074963407885 8.324429855505423
7.1162204923664545 0.7040896173632892
-6.234640671561045 -9.129704536416106
7.469969216991874 8.449353229479671
7.809039744865917 0.6564142504549018
-5.587448590812954 -10.970876986164644
7.433522367346225 1.3237435450749433
-4.44232642057545 -11.52058016625731
7.906519407516465 9.280030298352155
7.767339040504246 0.3780475672486229
7.768436237413441 10.316968928359707
7.897658143586724 8.219547640515174
7.5781827681898575 9.586292328375526
-5.765560549450509 -9.601979133406642
7.791566025212329 -0.642177932496909
6.446287110754634 8.737287102277955
7.922467204116574 -0.26660853575579
7.781380435937886 2.3863996793549402
-5.834379621517575 -8.789461462780903
6.197312841903489 9.435575991076153
8.017460403945577 9.397055842292033
5.66721297469001 0.42382720982007605
7.226413289879466 8.856814842055746
6.370384473812623 10.163979069334165
8.444136656945194 9.115411393858063
9.196424224416244 11.575369540974775
-4.958112041364942 -8.986430709480032
8.339755138056193 8.888149571846016
7.646556688933681 0.744599100506046
7.020475066186138 0.5665382784205516
7.440504691753237 -0.6626910917044335
6.794439983093451 1.8022495981073452
7.941040019773245 -2.269110531160093
-6.529882289078722 -10.652099971032618
-5.4963044551395175 -10.071521574611952
-5.520390381690128 -8.43972023200617
8.580549306777653 9.580953643122806
6.811700495846251 10.884041302883416
-5.591013858755547 -8.569072632284035
7.132779064153272 8.164683688980038
8.609123962276461 0.6218146057816357
7.36882517441067 0.5902369121826525
6.457950988837974 0.5748832485333761
6.517729694432827 1.236532594918088
9.95405976991643 9.517722896670382
-6.384982651394786 -9.556306189626287
8.10873837836105 11.221071581111612
-4.3437299986452 -11.413834460838034
-7.2438406662391905 -9.392516308784453
-4.428086155186724 -10.43224608692995
8.764664971977366 1.9287265021969329
8.263075241990508 -0.34462227654270805
8.725786964984321 10.34691678315044
-4.891579184103825 -10.704800282258882
7.4579829692067445 8.518773544651006
6.7102438654653485 -1.3326828226502958
7.858924988011266 10.5228258848791
7.798509757731473 -0.34487261138816894
7.515766674183291 -1.0815190364245866
8.34361718257347 8.737977304694933
8.149748302158416 9.8923810991073
7.943106473721276 8.206222084295161
-5.070076930740931 -10.75041026767966
6.629342337739841 9.653572936342375
7.316132875354964 0.6384493330482276
7.554011080149956 8.738246708010287
6.346814725561926 10.330756423082127
7.80361128347518 9.745612644361906
8.482698736410622 11.593414524942265
-4.84050516841881 -8.947958876174303
8.556127715082138 10.513432805491286
7.98179400121305 0.8706784174358206
6.715800445881374 11.406780395532657
-4.759169695338062 -11.425459893938113
5.689991631888974 7.716469934971959
-5.689479990426689 -10.857573181687737
7.605835700796962 -1.1144643610473202
7.459484123668967 0.7233219491891061
9.258835634947715 7.698341160101298
-5.406566709914095 -10.357849736783878
7.970490011706938 9.541129473650141
5.848518297628989 0.0373693917828537
-4.4173370301391115 -9.772918087902083
8.824224562472828 -0.8677104848802031
-4.228169654454918 -9.595275666395501
9.403530800116986 8.095920989604394
-4.389513988039487 -9.198636664975856
7.54713686186479 1.9315487472818997
-7.493069466843839 -10.242204547904507
6.258170822197859 9.795054772524264
-4.712047035963333 -10.178407781841951
7.221038856720979 9.207759722698741
6.017363020515795 10.085430479511027
8.887156944307462 9.691329742685575
7.389732230283329 0.8084200050310884
6.934385647425344 8.12540428879328
7.404210123941263 1.5207842524327466
7.744960898241396 -1.0331375051651372
6.8562131208127015 11.581380126366401
5.715572309390416 9.750438195205753
-6.450911339496242 -8.514849544302212
7.507434725298853 8.124838847025352
-4.169794099637471 -8.563505428294722
7.590279963974072 0.24082579831031603
-4.662868241146227 -10.839946760099588
8.348989258984348 10.86327768285029
-4.15416008562684 -9.012169754244619
-3.7606557495038855 -9.604206550181356
6.135798757336527 1.1440276081065792
7.974425103501704 0.9500433321559665
-5.183170105672785 -8.885416275652645
7.356248269176297 9.641198924901904
-5.822700048800343 -7.521121434918096
6.922931235639833 1.8949713385771125
7.579296949697744 8.767230872016988
7.722544898551598 9.48513972537823
8.237516190949728 1.138111534873818
-4.876068007034638 -8.740471164831355
6.299508692610024 10.405431702305751
7.484859891970933 0.3341135909805395
7.44600507388024 11.970267211168803
-5.939770512171451 -10.095411273297534
7.1295108413005455 0.48178230534079836
-5.384447393515341 -11.52240625347546
-3.9104439037744796 -10.839084525834332
-6.429249488395307 -10.597145941452656
7.456263591669445 -1.2610367111741796
-5.204008302714471 -9.003443575833485
-4.762182255905078 -9.423022279783632
6.513345123123789 0.537877268730448
6.918209162572948 8.709618730192531
7.7992570272451625 0.24712715776508382
-5.91007971222475 -10.610915167310255
-4.502795687483573 -10.61759480202128
-6.957834768492545 -8.437499501695608
7.571704579979211 10.466172821551103
8.237778726592445 0.292971490471992
-3.4011893833214524 -10.214390135313256
8.947006587796695 0.7836290917141553
-4.041987876504102 -10.98098097748682
8.31341230253502 9.983845987329586
-7.0565035027752945 -11.73117888888499
8.288000426413092 10.032990532726476
-5.257897421185655 -10.923475043935971
9.036123108127889 0.9756326581582789
7.914507323478482 7.6350321744508225
9.888250958231662 0.9024139190174933
7.612279073844272 9.446362697754298
8.226934524657892 -1.6357841192078326
-4.607892457531337 -10.150369577061918
-6.691395473317839 -10.976136363405203
7.067536820142861 0.12380780494441573
-5.606783081671379 -12.106107549312044
8.3805738451848 9.997721434731798
-4.686301538421857 -9.03609843606974
-4.047982657891806 -11.251997902599605
7.784303143601339 8.430801078890497
-6.332129983184689 -11.814904551600751
5.480655547793802 9.800608569653651
-4.849409087951523 -10.027558398775982
6.5948704512510865 1.2503417690338758
7.747609016419872 0.5309913855177195
7.242110009194772 7.485068713755573
7.542578188845107 7.0240301936563565
7.557243511694257 8.619004316536252
6.657044062274074 0.3333417060745997
7.68856704524391 10.688256697655609
-6.172143174397639 -10.791205983054528
-4.380110381315835 -8.417558656879335
7.84627926018731 9.886906562724041
-7.365982764791909 -10.044439525846
9.063055276371832 1.6324575369356256
-5.6029612503201145 -9.233035683471746
8.809962126179027 11.902170099841362
7.026917085549928 -0.40003622420476104
9.398988070945423 -0.6388581785169754
6.875862855955393 9.6970311123271
5.701682619647187 0.2544984544425044
7.100425312666598 0.2969966452192685
8.637469084012547 9.005907924145452
7.453752793258092 1.1196192008742185
8.229433043071671 8.763344302428237
6.958024591808848 9.199246113082749
7.277755137913986 10.768248350266488
6.770001059588807 2.1468996070182813
5.897034822614626 2.1026028702327237
-6.110595957046547 -8.579003986626915
-5.64984820380387 -11.220016098493787
7.604072249774844 1.4803428587234269
7.262695238252962 11.612051236127126
6.1874663995199635 8.72464241971528
6.629029695337188 9.11382542106056
6.6128122822934285 -0.2857109296820155
-7.026655027874886 -10.896605556269186
6.137534105145197 8.370529863349566
5.949916822956867 -0.16746180265888333
-6.148547140298989 -10.162807575649564
-6.213631812108522 -9.621756713579318
-6.411365130407356 -10.242803250241323
6.010358536849435 1.704201758922846
6.095384322966169 0.6696019129663353
8.749484076302467 0.9999921257864849
6.944529182347837 0.38769506165218603
6.889957514069634 8.462770228668793
9.52906307467723 10.27145876642881
-3.4338723591865743 -8.934803938226976
7.307783189339022 1.0124891426959548
-5.9516028017811085 -9.03978992817544
-5.012602271246519 -8.593917331089559
5.0344942110739455 0.8580249883654439