0.11227627135934307 -0.2331186661927601
-0.9542256256310262 -0.16473988470167242
-0.013832552310191015 0.2923761588181798
-0.5951574816950992 -0.7974863791798636
-1.0390529361155314 0.0882516606509451
0.049638358300908646 0.28485869904346883
0.02776820256346282 0.2648564678737992
0.14893282796825255 0.2740387924257279
0.1616051088710095 -0.2408318824386014
0.1713747944646813 0.23567725160524958
-0.5710135536502142 0.8035351280617317
-0.21013536307081063 0.25269869438458564
-0.12913100117244564 0.2992029251147954
0.9210583593240604 0.4832739278330705
-1.003023283787164 0.002656324433578737
0.06725282782624253 0.3201478471659838
0.2944948065137006 0.9665797786087541
0.15145576366541608 0.26066408678323194
-0.20863681444209334 0.1562881503483661
0.9524372665975344 -0.24911410206908877
0.25984716995103097 0.129243054986954
-0.2746323297649463 0.12272524153987818
-0.28550509232630916 -0.12954717652730732
0.2773938309290711 0.12492681143623484
0.05820670628434582 0.2738627686532197
0.1731596560788355 -0.9574668956235072
0.045783673648407415 -0.2812170950701299
0.22397198933448784 -0.15951864214843967
0.2343010784272174 0.1781760159464216
-0.819108239910417 0.49851035407295674
-0.7557185781534926 -0.655040747251955
0.7132345740847462 -0.7035080604426962
-1.0298552896382642 0.04563086531666201
0.7241197358028759 0.6239332958139848
-0.24420939924586862 0.04965588972115616
0.03552657390017605 -1.0408155392875205
0.8717565887702927 0.5820395652947504
-0.31445185091938577 0.9452334423429695
0.2100926498943109 0.21838735307061116
-0.3903630033495078 -0.9911141842884488
-0.014144222004372688 -0.3098763123514433
0.26448411266797556 -0.21995071113246278
0.35526917103365757 -0.9514649946315795
1.0325633407228192 0.12618424639855585
0.632638265399691 -0.7452107590715645
0.031413299489934154 -0.3065470128759411
0.94773698139983 -0.43093630771465585
0.9354042583307455 -0.32846293788575165
0.8521544893663546 0.4740134033954459
-0.03793113732578861 0.3030524780977219
0.28163654435368096 -0.12797177697462433
-0.19192549488949287 -0.19844755471243222
-0.9641761553912329 0.4194268065279299
-0.24222420778130976 0.1519199792394701
0.8164895370287235 -0.47548360157320685
-0.09446979513574016 0.2977421275778984
-0.2154316947971535 -0.10227953833672385
-0.7096335701963945 0.659938743991076
0.6099645223106976 -0.7971294435914132
0.18483040842582227 -0.26807096071740366
0.26213223138403097 -0.04181670521333511
0.3232421225840069 0.9135449277892778
-0.5834799996066309 -0.8284767530564664
0.16728739032037085 -0.2779528830688842
-1.0312625178689676 0.013410406579791567
-0.26842491346588315 -0.1682589964538006
-0.410848130941631 0.9063639614820517
0.30165093621102734 0.051431136092946375
0.9915087830618433 0.0045524840006568226
-0.13049105478759637 0.9922735837184589
0.005394965840466989 0.29944333821387387
0.4265788283397528 -0.8785332128760782
-0.9414908508577805 -0.5297506659279774
-0.14959122839560773 -0.297424896248505
0.07036137540591998 -0.341972883909446
0.24656662247291147 0.20881343902356425
0.20242974786973345 -0.30749803498309425
-0.26870492972803833 0.1277372058579051
0.13785121520336446 -0.9588136853264616
0.2142422778026254 0.18826673908684083
-0.17162486882984537 0.18602172138452683
0.26956970635113686 0.009567552970760548
0.5433965463397503 0.8251322588375763
-0.08374349271481736 -0.29856812657563503
0.10580957677558378 0.3124307102713302
0.9938723112519913 0.23871745418073023
0.9218325422569601 -0.3448975602759016
-0.1391270500025525 0.22820197850927942
0.24790221809639745 -0.16499010349512022
0.7067134992409497 0.7281376927422625
-0.051936181990944984 -0.2986306461476175
0.27199559039668536 0.9863531598895933
0.26296905157333905 -0.03836675403190392
-0.04282669977188223 0.9190917961711143
0.44713175171176733 -0.8437908356443916
0.2763809207675358 -0.10802415272002619
0.0913130129393766 0.30478933881805337
-0.9567748176754814 0.14917153237855973
-0.30487873663721754 0.04430773003631018
0.0008487332331886116 -0.24430799090722852
-0.0517938103575185 -1.0221324958351705
0.27793452903711746 0.021199457698500863
-0.6107013881067259 0.7614291523214481
-0.31234577822493137 0.02162850771912067
-0.9163381339120731 -0.3951534662236621
-0.13212042899275592 0.26677756737266495
-0.06793318071298801 0.9682578351809538
0.758379825177182 0.6710154956208105
-1.010864141638418 0.22843818092179616
-0.317026148043073 0.053222147065400516
0.08240233997266752 -0.29409508921299227
0.8788081667466195 0.40609145783515016
0.06633967345287331 0.3484073902587852
-0.36081997211968914 -0.9369065181933566
0.4473897790812849 -0.9910663404082214
0.5468203005766437 0.8571350102978779
-0.03321896562131149 -0.32811494566021865
0.1692294715135482 0.1663470373832324
0.9675922040403209 -0.2912490457901865
-0.22337388806312633 -0.2656108087313813
0.4271655150814976 0.8887409733563452
-0.14301680716585038 0.24498804922684622
-0.0770996624267409 -0.32441578643448854
-0.9944271152103277 0.024366250644510246
-0.8125696757992945 0.6137232549909551
0.0958110161539999 0.9887656139342732
0.38870778257453337 0.9418210975228131
0.2641279561972924 0.9472817659904645
-0.9937424765542378 0.23688099800896695
-0.8700958207526124 0.4847820267368138
-0.28548134582291135 -0.03152728195684436
-0.3540276369447592 0.06666328459508686
-0.27146629491764507 -0.08745055436421752
0.7242509126945699 -0.7393144302235275
0.6207612356216872 -0.8227155901243336
-0.3402800277038188 0.10418286483128206
-0.04121339334992715 -0.9874259946550535
0.8053378170995434 -0.6121097264264576
-0.20016956286825266 -0.19562824190147138
0.7659898842919736 -0.639810401422213
-0.23134304315247334 0.04657768675555126
0.2720936588684332 -0.18702591218380882
0.20559696516858397 0.19730721839084014
0.1863435567336488 -0.23211489854963557
0.22133546735041215 -0.20421789348412797
-0.7863229103678206 -0.6147680724537179
0.9937508257548335 -0.2539265677066528
0.22517772129409647 -0.15265676448128146
-0.7896132039993046 0.565055494356677
-0.7045759392426403 -0.6562712240402232
0.8882386214279533 0.45254419461273365
-0.9025931449808984 -0.29131402629567216
-0.2784027793798613 0.20309542587792737
-0.49573046607838445 -0.814447905640672
-0.11983891589211637 -0.3302525044056679
-0.2703793939262807 -0.2553581340265943
-0.05074113443136738 -0.27297844455339376
-0.8482958292940121 0.5165308021161655
0.043316433133267246 0.9520789489128924
-0.5185542786374117 -0.8523367448415607
-0.38307010334121305 -0.9143092018148147
-0.2770044323276664 -0.10255040550647086
0.1930056499973495 0.9155259364656552
0.2998721579457027 -0.08586216640672827
-0.33189349032227505 -0.05159671559833261
0.030596461027362444 0.3093334204041406
0.7037122408861493 -0.7808806115210347
-0.030162166083038868 0.2956202719540588
0.2931342829722206 -0.050125011609860194
0.3054456036161736 -0.05188528634212537
-0.4573675210798394 0.8736231977910273
-0.5241378664702077 -0.8838070259653695
0.30516532073671193 -0.07366509925486821
-0.09848709310395357 0.25397055968375326
-0.3305940312319157 0.02632108376479956
0.7584793977218717 -0.7054711185539124
0.00721921702465309 1.0263482277600395
0.9304257410300226 0.3497007526147713
-0.2637919644497287 0.05092978842793243
-0.2287051817332991 1.0050553197760805
1.0478360002661458 0.022041013604836006
-0.6836874034952349 -0.7480568272692618
-0.11608131146159463 -0.2884018390482697
-0.7002850374203702 0.7598827333577152
-0.21062580729995617 -0.20853623078397748
0.8233460331479953 -0.5392995150790615
0.37852826032079595 -0.8961430032816878
0.2630867679163703 0.12655549270557798
-0.8311869055318725 -0.5245321250379814
-0.17337239338591837 -1.0234710517347283
-0.9066584338204018 -0.4893449114740379
-0.3305023888359138 0.8443753311754147
-0.012939736018919129 1.0418568740161378
0.224900196497955 0.9615434081080769
1.0155543882578983 -0.09844835098462759
0.9711747986971717 -0.14377806284217975
0.2947645992639272 0.12721842357798546
-0.12530365387668388 0.2918986833532735
0.2770958965308175 -0.1335934800860477
-0.30832930768862304 0.06845642227154261
0.16218835550339394 0.270366094855582
0.692513307778144 0.7051948864466359
0.8913006256462799 0.4790607718054283
-0.8141938155224876 -0.6084103683270351
0.22505368841435747 -0.12239131389926769
-0.9313009668169581 -0.34680223897631945
0.24522641698149922 0.14359936190311223
-0.19079612255306316 0.20314075526839367
0.41930311134006654 -0.900084427202593
-0.5250734736088917 -0.9174538216774697
-0.026853344369559398 0.9948966981917478
-0.7748526285804335 -0.5368342794134807
0.2075625792082168 0.23333594571389543
0.579457677310786 0.8325748407518562
-0.02390047325709878 0.9634182681345694
0.5849499071704582 -0.7995401525923679
0.9216200899758827 -0.4140467325657469
0.8645170483843376 0.6509037631068733
-0.3171357717686923 -0.12455291820594513
-0.3153292825725663 0.013734569158352994
-0.2673834075564714 0.058831804775467594
-0.2579222665655182 -0.20569314763964264
-0.16772932572694668 0.26658789714418296
-0.007329356126377234 0.30055515325140897
-0.8490940970751596 0.5200592524356298
-0.38638868211880145 0.9402967264579791
1.0280973702583005 0.04066630714854222
0.0459840629422753 0.31078267840999896
0.6244429736090223 0.7928660371137269
0.9971222931745014 0.25454224948182735
-0.9540417449638736 -0.016355641280272018
0.3132848912873057 -0.019117244239542672
-0.1519361404135448 -0.23251533194118867
-0.07640212441681621 -0.9741144997165044
0.25005327909863506 0.13788562073245209
0.15508053957142653 0.24145066275208524
-0.19977448433406259 0.2174509183692333
-0.06586780697763153 -0.3023317755330659
-0.10759699386495716 0.2792975032681435
-0.7382748897367409 0.6993217717409178
0.7015647279666736 -0.6809776663077522
-0.3008619484398346 0.12422749979265635
0.1819171019497762 -0.28190192177475776
-0.2627603338755144 0.06521274249176594
-0.12553337047990604 0.274057947509017
-0.8575912669629526 -0.4422963194461636
-0.4814955819741681 -0.8840141779428445
0.27273776775198916 0.011401680426340832
-0.13204975764574098 -0.3095430801182213
0.09996146109134657 0.2604904506807778
0.7663365262412739 0.6491584019261442
0.29102613816394474 0.028974244628715166
-0.8510784369150753 -0.4641864391349639
-0.0052054426914827645 0.3040333134568389
0.05568710231497171 -0.2880804333637469
-0.9434393149290099 -0.3639769068351692
0.17579359703576836 -0.3085256182266804
0.23728860276524294 0.08406636837201079
-0.0767515842050256 0.25830419491105555
0.2778881494145816 -0.004886694034861113
-0.23096016277335585 -0.19727757189029682
0.9513278020000755 0.3850909664081834
0.03725065351770347 -0.31569911620891977
-0.2230157453160848 0.15867777299028699
-0.23410836522959166 -0.17032277647335217
0.4823694869676469 0.8504983999302146
-0.12059457065301801 -0.9984966529512739
-0.578818590624452 0.8319711661998548
0.3915486409886421 0.9393543671610083
0.16419672232771887 0.23712927206533377
-0.06451803154397831 0.32277905113850874
-0.2582783422165588 -0.18287434915702616
0.055618430946070815 -0.23309021553270615
0.9333176523795367 -0.31562856535916295
-0.23706820931560912 -0.21146527995800907
-0.17395969404340084 -0.9744258486659799
0.22106658624040249 0.15141974477005657
-0.15291124554318272 -0.220495800857767
-0.9623513540661102 0.2857251967275641
0.11101821044260313 -0.2766570624290934
0.2744060928848057 0.0629973193971341
-0.9089739181380302 -0.44047963972809523
0.26460968153034103 0.08608484418738664
0.05413967266593885 -0.3268298729296281
-0.5583821995791367 -0.8291786203398246
0.5662109122670296 0.8454286184451777
0.21979682055800834 -0.18474151242494935
-0.7573596676801915 -0.662517484925476
-0.4720012315371855 0.8367615745627209
0.37696614976011006 0.869307825051686
-0.2265813308577007 0.133536061942364
0.1831799183407951 0.2582870527579482
-0.8971237135093086 -0.3772563110415058
-0.13911541051324813 -0.3153919726429378
-0.5404060023082665 0.8564500554732443
-0.2525599939721869 0.02828923373466484
0.27230564825387976 0.17433515951958223
-0.1718887035700064 -0.2439632110475736
-1.0268026880614227 -0.18139122603047106
-0.2110476064833246 0.2229960179534803
-0.668744886421973 -0.7989428810007049
-0.7714660414590253 0.6104727312652918
0.7156870105579923 -0.6357298986767481
0.05110597304167388 0.2948207196157762
0.28673073894977075 0.09178721232854439
-0.938881705958024 -0.25980975053557404
-0.22322086029957322 -0.22383995116166183
0.6485163903960388 -0.823478808543347
-0.13914896240840255 -0.2702841184493007
-0.18989705634870602 -0.2065455670319247
-0.10314698726888688 -0.2657310645869921
0.13192303661667473 0.23811318774325452
-0.46113346213701634 0.9041488341233513
-0.8153594358768309 -0.5686314319811308
-0.6860088219099616 -0.7221525582105652
0.027583227925142017 0.28801176140070484
0.06289019528469714 1.0191790224987216
-0.2837515154872948 -0.9705562649809156
0.05579492139720435 0.2888845913993599
-0.26062941283223395 0.12777377250816224
-0.30025056206761036 -0.11441769570736254
0.27069218107862736 0.0748917458064941
0.2774802878453105 0.04032939773695472
0.2508986808847977 0.15186393729268752
0.9832567998431068 -0.27570550169374414
-0.26818055715665956 -0.14386860050334574
0.09952285011358841 -0.9936999858232415
0.18598662607404987 -0.26747909633413014
0.03081423355725067 0.32189099154752776
0.1094128530837109 -0.27602393892156446
0.7163686483584848 0.6690957722060128
0.4155611518788446 -0.9423875454286101
-0.9138576284381151 0.370637581639786
0.009805539695101003 0.27582691028948564
-0.8157226881650068 -0.6043451890065327
-0.9007135324173345 -0.4313003655351154
0.2775413970580705 -0.16849026977287082
0.8859355277816783 -0.38145174366540957
-0.2485259147001763 0.23537172552884475
0.28264138826154667 -0.0538274408650629
1.0075927677491299 0.13349766667741966
0.1679570981091382 0.9956311556123129
0.2860992760743969 0.05232758233554892
-0.265402063753681 0.09825731496889348
-0.011004684179356954 0.3510511226354649
0.017233565306654854 -0.28880953933646303
0.2742137358019384 0.043514166866380634
0.20081074690471892 -0.22788311167195166
-0.21998248137633164 0.21312068283032876
-0.24423725861416223 -0.15662650477049234
-0.9624312164784006 -0.06798054335270029
0.9963045356968243 0.11723948881978027
0.9153609325247059 0.3079365417386524
-0.6479448599078302 -0.7762444225467718
0.9291226880483988 0.1796671580134582
-0.1712952898032205 -0.2605599488812282
0.3358479265481278 -0.8971718002345092
0.27242665645517067 -0.1631897952326043
-0.7649243616712434 0.6591517998617118
-0.2883984138844392 0.11913688263897663
0.7797677310698281 0.5753687701258035
0.1918680638729013 -1.0059434486143284
-0.594864009209189 0.8214244431872011
0.08311206353721382 -0.31386647566356896
0.34332428727469777 -0.011861653800778714
-0.19359768054503285 0.26542332732889795
0.29156179866174403 0.11558830680190854
-0.3083464617656399 -0.044557874234053954
-0.24621052102448357 0.26385629168039404
0.998446475588621 0.023265967286183117
0.02426389282575446 -0.3002978812484322
0.1805501875497355 -0.2121590786012184
0.2656110007556735 0.0579579296454867
0.5300843677515512 -0.8255684238594562
0.34010500030676083 0.08551472351423459
0.09408819977555657 -0.2616056110792116
-0.2814727698324152 -0.9464097202583126
0.9489072611125227 0.388815991596736
0.9963533964724833 -0.06478549567460182
-0.6680064898088766 0.6334751745693036
0.2884952515261819 -0.08727735988505439
-0.3266800823175514 0.9489777307170407
-0.9376983102266874 0.22952963934773757
-0.054707495320699476 0.3288189756030191
-0.30161664788234205 0.9804377671577069
-0.19734679826083026 -0.21015869382075383
0.16058623900810384 -0.9808688380926319
-0.7026001835988877 0.7680088288565999
-0.6878359347728811 0.7568650992397832
0.13121936271092022 0.9523586796434733
-0.26753249490108233 -0.1106127486355165
-0.974150980874693 -0.02949968006716211
0.960903822193325 -0.368003913764135
0.25326785834871124 -0.12038348009274305
-0.6421672069739252 -0.7444291805465238
-0.013743733717779944 0.28012425141630787
0.5655936267906185 0.8390919993593923
-0.07733826269165922 0.26772990297023797
-0.2858538432529254 0.14578643098752478
0.1686875287084137 0.21192461095812432
0.2977575971499166 0.13090085837354484
-0.8907650983187091 0.34588525052940944
-0.6349640600209996 -0.7963224808658241
-0.0802395811773775 0.2767343289442209
-0.2710610386738267 0.180846414283683
0.9576702188701544 0.3496603107249774
-0.9280822772303898 -0.26946692168277636
-0.9723074683320743 0.21433209786597696
0.9486107614222065 0.2479251327111553
0.8645542143264231 0.6163128606870741
-0.2686079950091127 -0.15746305474680622
0.1087070701510246 0.2804270881720946
-0.0968999958819547 0.2980255883351256
0.9514502021908212 -0.18293121286496522
0.2597876007251641 -0.19784778444851422
0.14521864771516207 -0.27408017341052054
0.15862055377812617 -0.30219404048894477
-0.2787026729951021 -0.08472409052265942
0.2027766363602692 0.24275452801163314
0.27430596562699056 -0.930731030283953
-0.7126165095603626 -0.6170886582080648
0.6960902288381876 0.7070921492744092
0.12624505921072482 -0.34232289320816806
-0.777961880677449 0.580459431718885
0.9611965752883747 -0.13833556875802921
0.1497293753458918 0.2727826262972407
-0.9890677769861901 0.10911840717587995
-0.2831582050738275 -0.9312414162437687
-0.8422492776186634 -0.5716083048641598
-0.2013673633071873 0.1808330555064658
-0.8769843879805379 0.4558916744722874
-1.0064774500559015 0.15274972366734135
-0.12055968671819887 0.2567863441119185
-0.44576723819412145 -0.9036832650148544
-0.3014540919393324 -0.04922508577695627
-0.11492448128534045 -0.31155617807470926
-0.4424638503386047 -0.844449757868949
0.23717404352868307 0.953189538143013
-0.22123576318561725 -0.9686946896490244
0.7509172781754212 0.7169776436878522
0.6361994368777188 0.802598987265118
-0.8892593886494826 0.4326381095538711
-0.05150573853454757 -0.23673974014684596
-0.2604815042856332 -0.14245647784012913
-0.24916267127246305 -0.11176135707286397
-0.29262189111713677 -0.0627926589491731
-0.1095292073383994 0.2760742764679809
-1.0189542072760405 0.15180264366713858
0.6174243144371183 0.8022786764208596
0.5019885774865197 -0.8617838848048689
0.31016694041985865 0.11294983873431923
0.2513369355377929 -0.10180037209015891
-0.23696653589153577 0.8955677614788984
0.6798420690270766 0.6829847448313683
0.027879365846827386 -0.32323836175789783
0.18123670109891796 -0.19155869790802998
0.7087924541169094 -0.5963804398774816
-0.29450004604187213 0.11919788386869727
-0.9069247353695937 0.37097428812667843
-0.154209189738024 0.968038294752794
-0.9828491631552858 0.3037491110930356
-0.2478850654564507 -0.09177530130432733
-0.9560697545834013 -0.20212463720542148
-0.08391181229528928 -0.2648426337782364
-0.27670046040202 -0.02656235702144428
0.49753817888029706 0.8779409032811294
0.24554238279992596 0.2753037245239097
0.1327905817846115 -0.24979152586265832
1.0681238078015916 -0.04413662658100265
-0.3998476712477916 0.9107390728392474
0.25733330183746295 0.00346263664856521
-0.9894630108562908 0.19157840173422463
0.07117815502709596 0.29521763159922265
-0.07820833508838256 -0.9864296137516738
1.0121204130986847 -0.13752689244257543
0.4281924361179438 0.9319751886594106
0.13958715126270232 -0.978182702822804
0.3002147196810421 -0.13816783129445515
-0.23963273846506963 0.04823891345442402
-0.35008300298331096 0.06329615355305578
-0.29384867793525693 -0.021504088046073937
-0.3058707507176233 0.04390342974290601
-0.7356915919982419 0.7185390653045945
0.47473938783906466 0.9621280080306518
0.31088713293640924 0.01921525029504944
0.3252626674427341 -0.9418084401648981
-0.2529084447676341 0.14884406717656162
0.19431290293514009 -0.24420195584795407
-0.30753392299763754 -0.050341692483324055
-0.40678698246827877 -0.9508289733902779
0.05009026941640846 1.0309173369382458
-0.7700419852240119 0.6918004851873019
0.2754056001195887 0.022185681676560452
-0.30182679020425524 -0.05301056880952448
-0.9969935046820906 0.19599217953275716
0.011685536845313711 0.3138896040507868
0.25142044543833036 0.20633124929496358
-0.1851100775094364 -0.9395759023953545
-0.1514269686664572 -0.20144707284015506
-0.1272015236860591 0.3287290600844155
-0.08661861456975513 -0.27557984469995167
-0.08762085781896062 0.3049976690195995
0.06251181189636634 0.2629346511797515
-0.738573471414701 -0.7348480391596965
-0.31028128413712014 -0.9818318707568858
-0.04270816773449225 0.2723654426316869
-0.2703512683163543 0.1354433276031317
-0.4049476751743502 0.9038340424687252
-0.05193968171818325 0.3059471540654674
0.08215377592032475 0.3158436910138453
-0.3177956547275187 -0.1062314400792263
0.22237363468746485 -0.20591176532095323
0.06503225310324495 -0.3151087201069627
0.3439281102730747 0.9027731719521992
-0.013471252301888796 -0.2505188934475993
0.15147379291239785 -0.26682871804684216
-0.20641339836934547 0.193038543121708
-0.10033246444261072 1.0213620048430245
-0.2885150271434742 0.1291269054926744
-0.03613165082475751 -0.9498706564485562
-0.9922659018347211 -0.12305431804247595
0.28458695407833157 -0.9617822830152165
0.2178060241754809 0.16016409447894134
-0.25602772293076403 0.12167451054809487
0.3207402933749312 -0.07682173778605848
-0.29222105493939665 -0.02883637208108003
-0.14743881214597693 -0.25987943570150435
0.12821829500255238 0.25782169880031747
-0.2939792125054531 -0.03348781631821028
-0.1647850637499337 0.9867066190046232
-0.7340674554119005 0.7011657336181993
0.5392668695848581 -0.8884175699964579
-0.05250336698766216 -0.30799239946974916
-0.1923974431482913 -0.23568764135694953
0.04201178782551971 -0.2884513698645842
-0.3217802812207012 -0.10848926708514307
-0.20188990465694642 0.22063915393368197
0.9904914970555325 0.16403006888819577
0.27658474377912784 0.02675896995664806
-0.8560890439849085 0.32043813875155147
-0.00013257391348402842 0.3270108947635197
0.8673379345903716 0.6086810213292106
0.32570029767080044 0.09271473177550621
-0.906494689612716 0.5261714503636283
0.1366262294278823 -0.18329537659639866
-0.23218705449627686 -0.11564337041242868
0.1740277542674462 -0.2588796508521707
-0.9408454863995068 -0.3526699633084243
0.1502244675323423 0.24507205931821768
0.89191145421541 -0.4750010990356198
1.046950091117096 0.04095484425986774
-0.06909687992554017 -0.3078103375408424
-0.04854305482171975 -1.001564957145996
0.24175324809372495 -0.044503661534689466
-0.031134270674790646 -0.30089830763639014
0.6807094212774363 0.7838847124930065
0.8343363848092887 0.4665475352016773
0.3146523406601528 0.9708844204380398
0.3648622416716622 -0.011192518346032146
0.3303542724661341 -0.04797835855859439
0.8224918926837614 0.5878262206250624
0.28671712341464983 -0.10375188669710611
-0.0337798614949333 0.26345308239747467
0.09664253622363227 -0.9839628196710813
0.09519520265824577 -0.26683472083002824
-0.7425447538306046 0.6898210974629813
-0.20416563379309707 0.21091821390759055
0.21438051563773505 -0.19575811191967382
-0.3141838115917722 0.14215736927996647
0.2986722605924821 0.027454084397426935
0.9307763450912775 0.43689178915915133
0.6481500277596497 0.8022779198985719
-0.04848423456206763 -0.29815263230262035
-0.09287306965778175 -0.9796670368595818
0.34273624795431185 -0.9126645945523836
-0.39617659093644586 0.9615126220726965
0.8120057055214068 -0.5985174767694137
0.3311878588948722 -0.03142165209129725
0.1588169506314847 -0.20225746312488685
0.1994767380619241 -0.21569566912718632
1.0024841162030753 -0.2050667996475028
-0.9935946303359466 -0.0038576558436426277
0.31315766024069913 -0.18399887938055334
-0.9976248712252951 -0.14464368511871625
0.9284438108593676 -0.4941649310581069
-0.2728935072879442 -0.08765985741461026
0.706807995329128 0.6750890499034605
-0.9236917783419414 -0.3787520874999131
-0.7642462433636636 -0.7071014868461629
0.6472590956110841 0.7455018054843929
0.9811613038354783 0.10489636628233526
0.7951157369370959 0.5858730186023469
-0.9632832546602178 0.1550034080539909
-0.9174741226404404 -0.5450323822116092
-0.4832517935295932 0.8783728430273523
-0.1559610249779259 -0.9749297279852922
0.35834478903429945 0.008172754234564386
-0.856326043080618 -0.529627298820451
0.43761951334265603 0.856343487907148
-0.101763496550212 -0.2345582754744751
-0.25063375934824633 -0.13455385948340173
0.5475427517337004 -0.825740455400639
0.2324636988462037 0.10785608921958606
-0.2970228710664179 -0.0028205575022117457
0.9147703036261883 0.29520722381530234
-0.012987249161043022 0.32624850765385427
0.2911150645470724 0.06503547338924742
-0.9382941376772156 0.32738677936086563
-0.31579884550634263 -0.1043674183728298
0.2617970097685945 0.10238785334617866
-0.12135960621081393 -0.2810301809000447
0.27513404951721837 0.0854400638580054
-0.9890853105195716 -0.11951955570915343
0.10127992254612565 -0.30972852813771784
0.008281190400945746 -0.22481252384052608
0.29465505196413166 0.02206626850174178
0.9218254222516786 -0.41246683600492634
-0.6125645189189353 -0.8088954258450725
0.9847336106244715 0.18153468210259843
-0.2975117512845175 -0.1396287998832074
0.16066827838400485 -0.9951888972812662
-0.1352579986314026 -0.264742695417161
-1.0240144093908716 -0.005978663658422166
0.22677730142035105 -0.22317891079774593
-0.9800606650649258 0.09357963641877919
-0.018846510945882494 -0.36549032340821863
0.1640325803833943 -0.2582143936567739
0.13515854765132074 -0.2907848236075397
0.08212041145244522 -0.32475733379565574
0.8857632288183767 0.44311310650617186
0.17701581925117338 0.271571325403513
0.23579970892259627 0.15892518906650635
0.16683776575282944 0.2762270176606411
0.15003315420667931 0.9977344250299134
-0.12927546737382056 -0.25704671457694855
-0.34945959169079804 0.159512494126116
-0.5955516372578493 0.7818413903468869
0.7940744979525599 -0.638886169296427
0.3079936521336216 -0.13169318577531786
-0.8349807780023676 0.6030379043227531
0.9568390984355124 -0.37727216332257363
-0.1907001033572738 -0.16217354721587915
0.036395246933058956 -0.9760517272990884
-0.9960860484470697 0.21615147481424557
0.15913280291131143 0.23373700769425348
-0.5705341058606057 -0.7714328166936789
0.28627704857696823 -0.14439830188856523
0.1258110488867268 -0.23130872812018785
-0.11173833804812494 -0.31509719374003914
-0.15713829307391303 0.22604401569008867
0.2390495738312099 1.015427110295495
0.06311353042569672 -0.2768625956386955
-0.6461572360808386 0.744886467616848
0.8584439470089889 0.5498893960342975
-0.026370983760765597 0.27925564818594917
-0.8053993756403108 0.5637020803699272
-0.41636496820247976 0.9634166037141118
-1.0016391222481371 -0.05798834702442801
-0.013251616901920539 -0.2670178072485379
-0.22607415965649738 0.20460038881926013
0.2228804028404818 0.25431449556390584
0.7008653495136515 -0.6685515023668274
0.8371522367900482 -0.5672701614770143
-1.0135177551573544 -0.10986177446021725
-0.3572861369992021 0.9479547597173904
-0.07211890535357833 -0.3145782996142543
-0.17370979279310464 0.2194172850186074
0.28447366125568857 0.9532785934981747
0.12353693638474952 0.27598573680791466
-0.3055697464815982 0.003790204302089678
0.9648927890303475 -0.22875772494736507
-0.5487163348258162 0.8319123406315836
0.3014727185537762 -0.04811283127947932
-0.2657887911780692 -0.1495059835969797
0.12489954640752424 -0.2921129907874495
0.15179743523736067 0.28474735451415945
0.05635215405492052 0.32384428863551307
0.35222178613929356 -0.886482679602451
0.3390135993792417 -0.05848974544147721
-0.27923472586292725 -0.15827522269139443
-0.4833267349012722 -0.8582253377842896
-0.6926899828040642 -0.7145503664303698
0.06667838908042747 -0.30086565556031675
0.2801872900628608 -0.06344057461362089
0.27838501672848126 -0.12575371302757782
0.15080145981675086 0.3239227516429677
0.3149657447283274 0.05016653459211864
0.19242107380134607 0.996418010555498
-0.16351664698751478 0.18646737008688852
0.05492813294719877 -0.3024040836005029
-0.06188947685620363 0.3690372484464815
-0.18831466237853423 -0.20423870873401798
-0.21240234026555188 -0.07130464573795847
-0.2596522478044879 0.15026480689253027
-0.14641140389862695 0.9554255575639296
-0.2609074984484078 -1.0106925180064406
-0.7071390761033318 0.6791383748102612
0.19174536848399032 0.22091159024865192
-0.2433154340891021 -0.1813506677521118
0.4667517166713851 0.924475896680433
-0.1655951413869516 0.26512345921792047
0.9461937963594925 -0.2039108581176723
0.9294229704148047 0.37715918448418745
0.24769316044353348 -0.19911013213537396
-0.7832045685020677 -0.5992333839140083
-0.8472847382168984 -0.5749872732568386
0.42571636820373265 0.9500459471549652
0.10605556534301303 -0.9200745245290572
-0.21002939959099307 0.19159592091584376
1.0257769217145907 0.32271411120104954
-0.038166684398544905 0.9605674549175373
0.29703116466609975 0.03086423672638202
0.018173288518036505 0.2579509023640315
-0.17934691336069702 0.2160472778585654
0.1754331660313378 1.0090004595070245
-0.9921124081074815 0.06523468983381542
-0.30444893129335737 0.007853098853400563
-1.0071907242904858 0.09750408202765315
-0.25780681439708186 0.15007741303120078
-1.021973366307568 -0.23401051044515095
0.36102734854527985 -0.8930936358218747
-0.3330353869199505 -0.037950272124922524
0.9974855034918096 -0.13777255572633007
0.9278559457163608 0.18945545317815565
-1.003794700502781 0.13282432160223248
0.7358443071070864 0.7247730357834494
0.9778972315040267 0.28541667503048634
0.2015398446824598 -0.9778649847100236
0.5729416478748023 0.8766092893351853
-0.1571905993971184 0.9228473561227534
-0.9893610044748291 0.2937250375921288
0.14460204977171834 -0.9777591110325101
-0.2774484908103838 0.15344979108680812
0.10639090300593869 -0.2576343308900437
-0.022871837174754182 0.2643799775869496
-0.09183851407889686 -0.2828892265574146
-0.04269666116863358 0.2872348408768396
0.9868980938041818 0.2741150299946044
0.5917664101052353 -0.8194816135785784
-0.5192738679198695 0.8336839732561616
-1.064288766285462 -0.1793812864202131
0.10687145742780549 -0.2474242910339588
-0.389274536107761 -0.9295022535547071
-0.42884487659362586 -0.9094267425162524
0.8737676918747412 0.5665441774431813
-0.0004271938709505402 0.2927520377248309
-0.8705547905593493 0.4051347802585711
0.26156225370895303 -0.16341660357221816
-0.16208486232141114 -0.21862328091101368
-0.7800435581564089 -0.5690907348317891
-0.20200637387834983 0.9773876738013445
0.30308888914064275 -0.9658307516886822
0.8981791984540592 0.48584858483124405
-0.3954475039156904 -0.884925992235636
0.5370945535808425 0.8707163916537902
-0.16491426835919148 0.25770915262824384
0.04076613130594453 0.3120818395312011
0.2739546444064085 -0.08067241128002878
-0.21464074177340237 0.14381549956256784
-0.1867942962024148 -0.9970879191361789
-0.9267051601515743 -0.18047040353902566
-0.176334287880602 0.30412712515489054
1.0005498195202374 -0.04504288109118469
-0.026237161801678392 1.013080397840284
0.5081694833470063 0.8982979791354953
-0.11016981475806371 0.29741372705954516
-0.15311994136077256 0.2140243514121441
-0.9020299472021914 -0.38035258187032805
0.4851446138176262 -0.8563649678802718
-0.8976294504647929 0.41211821285688593
-0.0829962755473211 -0.2992773907115732
0.24043354999973912 0.2565917033479211
-0.2380050246827109 -0.18018717492661956
-0.7808574267377292 0.6275648663917489
-0.5951368696451896 -0.8477546937472027
0.4208386615836898 -0.8667838127276236
0.0954493571550037 0.24622225455533675
0.17961171942693793 0.30597729154978714
0.24877630309117799 0.131094362045489
1.0264097681947666 -0.23797488756076918
0.6324425912129851 -0.7324877956678566
-0.26215043035325036 0.24039528456616727
-0.8183364722856324 0.5187828493070369
0.8152963870946468 -0.5385282473213931
-0.2832053516185699 0.06023281271975822
0.9766540061592932 -0.26571293927385126
0.06120602222483183 -0.29212418647280974
0.19177493493873987 -0.18430193926919436
-0.9215802376991867 -0.32029485985106815
0.8639806393205314 -0.5161489517779352
0.2610397930785614 -0.919853824042462
-0.5879766980812149 0.8336042055869308
0.9088057635765411 -0.4960024766167676
0.9410129005680667 -0.24925975059210517
0.05752660618886639 -0.31824777522947495
0.006095385525330711 -0.2785197856696
-0.9172231030400745 -0.41285042423841994
-0.014950088323756792 -1.0150561386225547
0.04567138240256561 0.27251405720313726
-0.1697156642120509 -0.9842507939392188
0.32972472742317355 -0.047335738093822556
-0.10915942766630744 -0.29215363095725416
-0.5792986984540915 0.8620096984647877
0.20271882797741375 -0.2608600060649552
0.1215865823897186 0.9405754186300489
-0.23571312546364898 0.045097055880721895
0.01021719950275976 1.023030709352565
-0.9180468301504018 0.4467554180614844
0.8745374803938769 -0.5186778347403223
0.7731638669055052 -0.6137672466744012
-0.2563342166757486 -0.22793484508035136
-0.2831810626716827 -0.06084399587792472
-0.6408132501962459 -0.7695928122459621
-1.0142100362811874 -0.04980670789996571
0.6502776193789264 -0.7619430761722825
0.34256790422670097 -0.9541662137662298
-0.5971542154843658 -0.8480316691264841
-0.20946734244139525 -1.0435510252658382
-1.0372291065584023 -0.2812609759606007
0.6802730375384592 -0.7290912694842012
-0.1789987368295376 -0.16057041089678575
-0.0269344875861657 0.32645677910637066
0.011941975322501318 0.3137871952536302
0.9776540029310377 0.13401989759401958
0.7743299027902749 0.5886587981154191
0.16789853880520733 -0.3054724701819016
0.1187000626454932 -0.24958731602961148
0.3433165779781815 -0.0915618213409497
-0.17486105978954955 0.977693754242321
0.18082694348372497 -0.22553046267106286
0.30128019176574544 0.19834297138596851
-0.05948573004335428 0.33793981602408435
0.17099361452880613 0.22919118709446232
-0.8271254924920214 0.48000243972015905
0.9607671412821305 0.17757885146088392
-0.8172420917428429 -0.5648057181109308
0.8476221861670176 -0.5115656434693832
-0.3948395908379609 0.9519186263832574
-0.24291945183496735 -0.16415662533584463
-0.9438332714222238 -0.38308389725415887
0.21014863112626092 -0.29218197892702835
-0.7007973746048551 0.7605289421688762
-0.26673617720701004 0.1797432560317716
0.2213463910254573 0.18270886113489937
-0.7351838381529923 0.6411567215772238
-0.328931526652098 -0.04698433387511195
-0.23104629892786338 -0.17490004080985616
-0.13810029042940747 0.31434982260788746
0.5335512417576249 -0.8509897524122456
0.18742467550775133 0.28544343395089544
-0.46205958371139094 -0.9067409495698945
0.19746076200140616 -0.1949859052698169
-0.27647638447008344 0.10047035521333955
-0.32422182259548216 0.9443104393253436
-0.1823223978719862 -0.20728402797750028
0.5027289086398645 -0.8243621180217863
-0.2527511992853042 -0.10418574640105102
0.30982487984765916 -0.0319290347607461
0.3531822694031299 0.09001922575747372
-0.2845818034194584 0.1578063386723266
0.8421642574226974 -0.4523052327366892
1.0577211074637864 -0.08811007140307381
-0.4470154679080339 0.873564730524915
0.14839099365381517 0.24004879951386948
-0.2577615485883345 0.9770194739356827
-0.5079883255373304 0.8608066642333599
0.05117725238657268 0.3069251480441282
0.1701877946191184 -0.14821218099542782
0.2563324086199256 0.10283523190562073
0.2058726707352799 0.18340579655904773
0.10279162951364072 -0.9410105643051414
-0.06002875149141722 -0.9913891693814578
0.2835442106485025 -0.16907262416408514
-0.060495716274867065 -0.2946073721759261
0.20864013657706762 0.2078637904479876
-0.3026558512495399 0.94435143475567
-0.23667855463043233 0.1981699451001366
0.8814773815536423 -0.38631024905978867
0.8234898007109558 -0.5640104577713012
-0.927068235384053 0.4127987954744408
-0.5913002069247122 0.7762768486249011
-1.0286494501853491 -0.2501627244642157
0.6352876738583983 0.8175873168420734
0.983776101244253 -0.18971946285964278
-0.1215875269378335 0.22045785735164872
-0.21529813952054133 -0.2239572326703478
-0.03445154216783875 0.28918545660620004
0.4709978989651044 -0.8790890361622403
-0.28931843388247297 -0.04552385401353419
0.9708202422740528 0.07184874041483681
-0.15597070843987274 0.26604539042998615
-1.0214375841673768 0.29609245983708216
-0.8761976896404169 0.44305569018352076
0.3358311358874996 0.9568852996667538
-0.9952192123459149 0.024880301722656418
-0.27592945023783255 -0.16296213736967186
0.26392786692779524 1.0010858575460244
-0.20871125070193472 0.15669770961754048
-0.27262773582464034 0.003759002598208463
-0.2769452274781421 -0.002361655035036714
0.15141270080993396 0.9804221264706332
-0.8741436588423747 0.5125775880300949
0.19461103197944038 0.9711857989649725
0.2733231635904699 0.10449536515236343
-0.7708022181029939 -0.6585194476415258
0.2470113908464393 -0.10226860581926955
1.0137329993490793 0.2572624099636556
0.5947417200881653 -0.7688977458667138
-0.3365973880278121 0.034655088295598616
0.19131410366247778 -0.962489985149899
0.08134345404159385 -1.015061930390663
1.0245899404095824 0.09156792976796085
-0.15652624607009746 -0.26795555419080225
-0.40573390375024343 0.9027493802683008
-0.20863336360838233 -0.9710119951192613
-0.05615448070175882 0.28033487181531175
0.23956087233848727 -0.1725688697592075
0.8556396905479207 0.5251966850169281
-0.045551457367981 0.268739443961491
0.5764620961467374 -0.8089022968582634
-0.769562986103526 -0.657781361914324
0.2991058155684217 0.21448496480803342
0.9418457290061014 -0.41644498025628357
0.8098492960411978 -0.5942065084745299
-0.1106654910556656 -0.9384817918902112
-0.8622031136893754 -0.5381611807382916
0.08654270847084246 0.28891847678765437
0.03902332524970718 0.3185168205696435
-0.9262093369346709 0.41025496638618736
0.014161348219856651 -1.0308657740071714
0.025741671557796653 0.9749872543512673
0.2081078443895329 0.13919247569788196
-0.7660094434697479 0.6387488885426398
0.5655757487768748 -0.869073373566746
1.0001438904736117 -0.025133032927429227
0.09046403561803576 -0.252096286340216
-0.171635630595776 -0.23439429780539953
0.300951343994035 -1.0440763276201344
0.20512015673823272 0.1355902647678779
-0.31389295134520756 0.0474635289282674
0.9479918730417326 0.280159477317307
-0.2713834189148622 0.11290282098580415
0.2901650661624186 0.10812188822275046
-0.23111362830504986 0.21248394085531574
1.0008108410302 0.29788666854096235
0.8745750942377015 0.372159025702396
0.09459664044927626 0.3103460374862139
0.2226355401606386 0.23110228999927634
0.9684425774954504 -0.1392336867640108
-0.300904068807682 -0.9634476216145366
0.9673098375082687 -0.28947811717128746
-0.2078995927700582 -0.18909515224394832
0.002922891206111205 -0.2475333057098738
0.5127665396714498 0.8287945307093454
0.9705884126349794 -0.10452899400010275
0.08289821322694241 -1.0071151120574193
-0.33575344851592326 0.12271211854648259
0.9922116933036449 0.0938932116734788
-0.005949897701671749 -0.28237939645020926
-0.5990931071194346 -0.8051984982654499
0.3787876368693164 -0.8830032060663996
-0.03676982035472236 -0.3117441750987086
-0.5322712529695003 0.8509994192394866
-0.18294938142457873 -0.254346758414884
-0.1307921996635405 -0.240636449372864
-0.21366164847614494 -0.2619075539823503
0.2585113730695868 -0.1829477934823816
0.25973068884403483 -0.08769937938824371
0.1874936908382536 0.2016690520358431
-0.2989125600152996 -0.1233766249529592
0.6940609828292732 -0.7066014791188097
0.2179068628417563 -0.060878936183073364
0.2889650841854206 0.9478263850477178
-0.9461788170008575 -0.2984647544730195
0.29612483269522705 0.046974410779037246
-0.6498049639665263 -0.7535749909054342
-0.3103702716976342 -0.9240399246129161
-0.27024701029161224 -0.9661419862360568
-0.22041106656263715 1.0022617836090033
0.7122497477908986 0.7215504372236737
0.07452208361484705 -0.3000190492641377
-0.9666500249315385 -0.3149964283091356
0.051911591905907925 0.3759159269527359
-0.11146945125080629 0.22230018511012634
0.8942968027596917 -0.5042260534273053
0.12078169088593492 0.9651185504254867
0.27080904361439084 -0.18628911834455403
-0.18472862248215258 -0.26781038660128076
0.49168625362490526 0.8700315214879754
-0.032242551977427945 -0.2600078046312974
0.8371405639179379 0.5683252382925666
-0.2776055158945477 0.170564831314591
-0.12576652392327412 -0.9505259790806377
-0.1215247138910699 -0.28774110379978696
-0.1265444600252574 0.9878399341631234
0.2709469826726247 -0.022377880300294035
-0.11204195010408555 0.9442458862609396
-0.17418058166627065 -0.9632602033706638
-0.44215077218727583 -0.9424502542258293
0.8615894887225641 -0.564712630461825