-0.814014 0.544107 -0.000776
0.111430 0.253308 0.005998
0.181002 0.194447 -0.000289
-0.123778 -0.961410 -0.000776
0.102668 -0.294220 -0.000286
0.090682 0.307771 -0.000288
-0.302598 -0.081577 -0.000290
-0.091771 0.246300 -0.000289
0.193510 -0.237369 -0.000284
0.996563 0.124299 -0.000776
-0.028084 0.298975 -0.000161
-0.280588 -0.067609 -0.000307
-0.024661 0.957081 -0.000776
0.360426 0.889089 -0.000776
-0.178580 -0.955283 -0.000776
0.256410 -0.213824 -0.000284
-0.980672 0.306891 -0.000776
0.271480 -0.107566 -0.000284
-0.270701 -0.111504 -0.000287
0.071660 0.264086 -0.000284
0.216830 -0.194337 -0.001103
0.048556 0.300223 -0.000289
0.276660 -0.959912 -0.000776
-0.298343 -0.189062 -0.000284
0.316771 0.159629 -0.000297
-0.164887 0.232753 -0.000413
-0.980863 0.151462 -0.000776
0.146233 0.239542 -0.003946
-0.950247 -0.092925 -0.000776
0.255252 -0.135256 -0.000281
-0.005120 0.315457 -0.000289
0.275069 0.198857 -0.000297
0.275662 -0.076159 -0.000284
0.021123 -0.344870 -0.000284
0.356090 0.160021 -0.000297
-0.901687 0.454096 -0.000776
0.336037 0.041764 -0.000297
0.578786 0.863733 -0.000776
-1.028846 0.038449 -0.000776
1.027149 -0.017586 -0.000776
1.013358 0.164856 -0.000776
-0.146544 0.206482 -0.000291
-0.013662 0.300696 -0.000272
1.019038 0.122547 -0.000776
-0.219940 -0.216249 -0.000284
-0.986367 -0.116751 -0.000776
-0.600116 0.770886 -0.000776
-0.287037 0.931950 -0.000776
0.120170 -0.325710 -0.000284
0.221328 0.216982 -0.000297
-0.290987 -0.094935 -0.000287
-0.102904 0.259784 -0.000289
0.887137 0.413656 -0.000776
-0.873116 -0.460307 -0.000776
-0.174031 1.025382 -0.000776
0.919410 -0.388179 -0.000776
-0.938233 0.109934 -0.000776
0.053606 -0.249573 -0.000284
0.324957 0.063555 -0.000297
-0.256641 -0.093581 -0.000284
0.595342 -0.826195 -0.000776
-0.289942 -0.036568 -0.000289
0.239325 0.153597 -0.000289
-0.180866 0.216063 -0.000292
1.011370 0.288767 -0.000776
0.285579 -0.954630 -0.000776
0.851417 -0.462963 -0.000776
0.113366 0.294243 -0.000297
-1.008304 -0.048341 -0.000776
-0.659700 0.792460 -0.000776
-0.155107 1.018329 -0.000776
0.762057 -0.692448 -0.000776
0.144408 -0.224505 -0.000284
-0.092515 -0.302315 0.004319
-0.456410 0.898198 -0.000776
-0.223219 -0.217617 -0.000284
0.600955 0.767802 -0.000776
0.387484 0.851224 -0.000776
0.068263 -0.279845 -0.000284
-0.334164 -0.038317 -0.000289
0.930956 -0.452118 -0.000776
0.821275 0.641282 -0.000776
-0.754415 0.649565 -0.000776
0.158456 0.284638 -0.000297
-0.109905 -0.281551 -0.000284
-0.052768 1.014049 -0.000776
-0.069707 -0.313096 -0.000284
-0.055206 0.985786 -0.000776
-0.943426 0.069796 -0.000776
-0.331755 0.968146 -0.000776
0.954979 0.322530 -0.000776
0.275974 0.037278 -0.000297
0.629078 0.815940 -0.000776
-0.303644 0.159027 -0.000289
-0.306289 -0.192007 -0.000284
0.328811 0.004890 -0.000297
0.252507 -0.165785 -0.000283
0.945931 0.485266 -0.000776
0.198405 -0.228661 -0.000284
-0.074807 1.012336 -0.000776
0.319365 -0.050726 -0.000297
-0.051952 0.244642 -0.000289
-0.995041 -0.228366 -0.000776
-0.263683 -0.036391 -0.000290
0.962878 0.192494 -0.000776
0.710670 -0.573378 -0.000776
0.189057 0.203942 -0.000289
-0.218575 -0.243372 -0.000283
-0.059285 0.356710 -0.000289
0.735471 -0.682876 -0.000776
-0.801726 0.723894 -0.000776
0.085050 -0.213778 -0.000284
0.926124 -0.101850 -0.000776
0.316694 0.109783 -0.000297
-0.276937 -0.061828 -0.000292
-0.622319 -0.845041 -0.000776
0.225156 -0.124981 -0.000284
0.882678 0.448222 -0.000776
-0.344956 -0.912203 -0.000776
0.975738 0.020482 -0.000776
0.657951 -0.782621 -0.000776
1.002266 0.084979 -0.000776
0.275191 0.123588 -0.000305
0.535331 0.819099 -0.000776
-0.194449 -0.193183 -0.000284
0.237372 0.200459 -0.000297
0.976409 -0.295255 -0.000776
-0.268426 0.184823 -0.000289
0.166017 -0.991822 -0.000776
0.109160 0.225988 -0.000289
0.430712 -0.910695 -0.000776
0.628292 0.780365 -0.000776
0.080872 0.980187 -0.000776
0.210465 0.965475 -0.000776
0.206477 -0.173922 -0.000284
-1.000325 0.202494 -0.000776
0.994472 -0.120512 -0.000776
0.012850 0.277808 -0.000289
0.051146 -0.999825 -0.000776
-0.036563 0.993319 -0.000776
-0.161946 -0.223296 -0.000284
0.227907 -0.970696 -0.000776
-0.262669 0.067677 -0.000289
-0.896258 -0.433098 -0.000776
0.842363 0.484357 -0.000776
-0.710720 -0.701057 -0.000776
-0.437821 0.953078 -0.000776
0.723488 0.649458 -0.000776
0.082278 -0.312116 -0.000284
0.230514 -0.220779 -0.000284
-0.922137 0.321489 -0.000776
0.267646 -0.161696 -0.000283
-1.022541 -0.021074 -0.000776
-0.166175 -0.169483 -0.000284
1.030295 0.181716 -0.000776
-0.242758 -0.985202 -0.000776
-0.080031 0.978809 -0.000776
0.816420 -0.542007 -0.000776
-0.877461 -0.493356 -0.000776
-0.160173 0.256218 -0.001990
0.213779 -0.184396 -0.000281
0.125907 -0.249363 -0.000288
0.240521 0.214029 -0.000298
-0.139376 0.306833 -0.000289
0.245727 -0.124576 0.999063
0.776352 -0.544536 -0.000776
-0.212891 -0.224956 -0.000274
0.219510 -0.228599 -0.000284
0.311575 -0.914309 -0.000776
0.278114 0.173005 -0.000297
-1.000258 -0.138037 -0.000776
-0.269982 0.190443 -0.000289
0.723958 0.687433 -0.000776
0.390224 0.953920 -0.000776
-0.995479 -0.135079 -0.000776
0.286222 -0.161038 -0.000284
-0.368311 -0.932872 -0.000776
-0.560474 0.863799 -0.000776
0.028162 -0.233517 -0.000284
0.294610 0.935359 -0.000776
-0.233158 0.164132 -0.000291
-0.225747 -0.027054 -0.000290
0.283944 -0.129885 -0.000284
0.096648 0.972658 -0.000776
-0.232154 -0.257690 -0.000284
-0.117244 0.206681 -0.000291
-0.167763 0.252435 -0.000130
0.740247 -0.686320 -0.000776
0.164513 0.987172 -0.000776
0.235479 -0.168525 -0.000282
-0.259572 0.163872 -0.000289
-0.447660 -0.926532 -0.000776
-0.909797 0.292088 -0.000776
-0.977805 -0.335505 -0.000776
0.790900 -0.564774 -0.000776
-0.171275 0.191566 -0.000291
0.310064 0.000322 -0.000297
-0.741518 0.636688 -0.000776
0.190300 0.270321 -0.000298
-0.221919 -0.160901 -0.000284
0.208245 0.060285 -0.000297
-0.507839 -0.813981 -0.000776
-0.914450 0.412267 -0.000776
0.889463 -0.456685 -0.000776
-0.160704 0.230297 -0.000413
0.027935 -0.324273 -0.000284
-0.272345 -0.223259 -0.000284
-0.164558 -0.184111 -0.000284
-0.975463 0.279324 -0.000776
-0.189299 0.210282 -0.000291
-0.270926 0.985356 -0.000776
-0.038762 -0.989209 -0.000776
-0.341530 0.921613 -0.000776
0.122477 0.268242 -0.000297
0.186525 0.972545 -0.000776
-0.727402 0.707861 -0.000776
-0.232182 0.171452 -0.000291
-0.041557 0.976264 -0.000776
-0.198448 0.264795 -0.000289
-0.525758 -0.836032 -0.000776
-0.775898 0.604804 -0.000776
-0.192535 -0.968052 -0.000776
0.361408 -0.942436 -0.000776
-0.999252 -0.173100 -0.000776
-0.984974 -0.351817 -0.000776
-0.158266 -0.266581 -0.000284
0.255708 -0.087124 -0.000284
0.089510 -0.290118 -0.000284
-0.956830 0.237082 -0.000776
0.124212 -0.242727 -0.000288
-0.564309 -0.817617 -0.000776
1.009039 0.181330 -0.000776
0.081266 -0.242582 -0.000284
0.254182 -0.067515 -0.000284
-0.037223 -0.286428 -0.000284
0.184036 0.236589 -0.000291
0.214399 0.208032 -0.000297
-0.240302 -0.117105 -0.000284
-0.693955 -0.670820 -0.000776
-0.184533 0.302847 -0.000289
-1.000308 -0.034304 -0.000776
-0.869612 -0.567823 -0.000776
0.952446 0.019050 -0.000776
0.923908 -0.270478 -0.000776
-0.778979 -0.672170 -0.000776
-0.139491 0.270563 -0.000289
-0.913163 0.252037 -0.000776
-0.722594 0.659601 -0.000776
0.804764 -0.682499 -0.000776
0.441895 0.919489 -0.000776
0.294623 -0.019549 -0.000295
-0.078357 -0.258294 -0.000284
0.020232 -0.298466 -0.000291
-0.084101 -0.263973 -0.000284
-0.004929 -0.253376 -0.000284
0.925637 0.382302 -0.000776
0.181917 -0.218019 -0.000284
-0.154967 -0.240552 -0.000284
-0.073477 0.327295 -0.000289
0.139548 0.992456 -0.000776
0.248870 0.167867 0.000069
1.021650 0.062677 -0.000776
-1.021661 -0.129015 -0.000776
0.128142 0.201513 -0.000289
-0.943980 0.016441 -0.000776
0.087009 0.324154 -0.000287
-0.023679 0.290437 -0.000290
0.307821 -0.053350 -0.000297
-0.205866 -0.278837 -0.000284
0.036401 -0.278463 -0.000284
-0.904520 -0.372176 -0.000776
0.002667 -0.982942 -0.000776
0.497003 -0.848737 -0.000776
-0.767267 -0.598737 -0.000776
-0.932088 -0.254030 -0.000776
0.272135 0.051788 -0.000297
-0.072824 -1.015584 -0.000776
0.181757 0.981148 -0.000776
-0.163009 -0.293639 -0.000284
0.244590 0.088739 -0.000297
-0.261804 0.012061 -0.000290
0.087835 0.238727 -0.000289
-0.272314 0.053149 -0.000289
0.523649 0.784436 -0.000776
0.279559 -0.011275 -0.000595
-0.372959 -0.876650 -0.000776
0.174269 -0.973748 -0.000776
-0.464476 -0.930230 -0.000776
-0.225109 0.268965 -0.000289
0.939028 0.325333 -0.000776
0.627057 0.799242 -0.000776
-0.224743 -0.193440 -0.000284
-0.006613 0.293297 0.026401
0.310327 0.961416 -0.000776
0.902366 -0.416230 -0.000776
-0.917072 -0.434299 -0.000776
0.977651 -0.141544 -0.000776
-0.163858 -0.945770 -0.000776
-0.300450 0.006234 -0.000290
0.327103 -0.890995 -0.000776
-0.330017 0.100579 -0.000289
0.294761 0.116732 -0.000297
-0.024634 0.289432 -0.000290
-0.510115 -0.863940 -0.000776
0.067649 0.256915 -0.000284
0.278259 -0.202133 -0.000284
-0.740305 0.632863 -0.000776
0.215436 0.987799 -0.000776
-0.134658 -0.340848 -0.000284
-0.062650 -0.274889 -0.000284
0.972605 0.217953 -0.000776
0.255866 0.155091 -0.000217
0.886526 0.433326 -0.000776
0.241272 0.081264 -0.000297
-0.176778 -0.203247 -0.000284
0.962723 -0.116055 -0.000776
0.338087 0.981890 -0.000776
-0.802290 0.609032 -0.000776
-0.292448 0.120089 -0.000289
-0.072112 -0.284833 -0.000284
-0.575121 -0.824418 -0.000776
-0.261339 -0.004583 -0.000290
0.951364 0.075172 -0.000776
0.998923 0.370461 -0.000776
0.050312 -0.276588 -0.000284
-0.314781 -0.047370 -0.000289
0.802734 -0.579108 -0.000776
-0.325673 0.095226 -0.000289
-0.162958 0.213271 -0.000300
0.807727 0.607657 -0.000776
0.062902 0.276207 -0.000293
-0.067727 -0.277640 -0.000284
-0.149207 -0.256023 -0.000284
0.252250 0.091969 -0.000297
0.462174 -0.901525 -0.000776
-0.178119 0.953023 -0.000776
0.274301 -0.945484 -0.000776
0.645497 0.700694 -0.000776
-0.249757 0.016860 -0.000290
0.598061 0.792679 -0.000776
0.267160 -0.174752 -0.000284
-0.212452 0.184946 -0.000291
0.021109 -0.955947 -0.000776
0.284103 0.265660 -0.000297
0.283245 -0.905291 -0.000776
0.278824 -0.148834 -0.000284
-0.034800 -0.298838 -0.000284
0.963389 0.092148 -0.000776
-0.275915 -0.059166 -0.000292
0.747093 -0.733435 -0.000776
0.879355 0.277654 -0.000776
0.292542 -0.194194 -0.000284
-0.274204 0.158253 -0.000288
0.270625 -1.011872 -0.000776
0.962620 -0.345009 -0.000776
0.101937 0.278962 -0.000297
-0.019670 0.267748 -0.000289
0.282667 -0.129727 -0.000284
0.946065 -0.017784 -0.000776
0.081123 -0.958239 -0.000776
-0.260535 0.092523 -0.000289
0.733904 0.705870 -0.000776
0.058964 0.265178 -0.000284
0.279242 0.121383 -0.000305
-0.924849 0.406385 -0.000776
-0.264028 0.053353 -0.000289
0.844453 0.496791 -0.000776
-0.723298 0.744894 -0.000776
0.022160 0.287445 -0.000289
-0.300420 0.109899 -0.000289
-0.532707 0.921584 -0.000776
0.374372 -0.982786 -0.000776
-0.447949 0.917674 -0.000776
-0.259751 -0.977171 -0.000776
-0.215596 0.220367 -0.000307
-0.262993 -0.137368 -0.000284
-0.984249 0.250783 -0.000776
-0.866467 0.445623 -0.000776
0.284539 0.221723 -0.000297
0.707448 0.674518 -0.000776
0.691817 -0.674483 -0.000776
-0.953894 0.356191 -0.000776
0.909575 0.288720 -0.000776
0.127129 0.261608 -0.000297
0.643141 -0.789349 -0.000776
-0.132178 0.191037 -0.000291
-0.063488 0.274884 -0.000289
-1.023051 -0.026930 -0.000776
-0.175042 0.214833 -0.000292
-0.023915 -0.343516 -0.000284
-0.296386 0.956141 -0.000776
0.993026 0.323717 -0.000776
0.186801 -0.263871 -0.000284
-0.165124 0.243129 -0.000414
-0.165437 0.228480 -0.000413
-0.630906 -0.766716 -0.000776
-0.643435 0.719092 -0.000776
0.125247 -0.264322 -0.000287
-0.038364 -0.270006 -0.000284
-0.963615 -0.386240 -0.000776
-0.878320 -0.532243 -0.000776
0.546812 0.892022 -0.000776
0.141574 -0.279460 -0.000284
-0.400965 0.913278 -0.000776
-0.260009 -0.978148 -0.000776
-0.937196 -0.186019 -0.000776
-1.011422 0.090868 -0.000776
-0.028509 0.981732 -0.000776
-0.318630 -0.015192 -0.000289
-0.250489 0.113863 -0.000289
0.384748 0.909673 -0.000776
0.154134 -0.277614 -0.000284
-0.724351 -0.673464 -0.000776
-0.320412 -0.019143 -0.000289
-0.874021 -0.491955 -0.000776
-0.593330 0.790556 -0.000776
0.088539 0.310281 -0.000288
-0.251271 0.122728 -0.000289
-0.180128 0.280178 -0.000289
0.909363 -0.351242 -0.000776
-0.278209 -0.152160 -0.000284
-0.030786 1.023300 -0.000776
0.230567 0.155548 -0.000289
-0.313741 0.969349 -0.000776
-0.246734 -0.171582 -0.000284
-0.859532 -0.463817 -0.000776
0.544788 -0.817009 -0.000776
-0.357308 -0.937874 -0.000776
-0.300286 -0.085620 -0.000290
-0.916611 -0.381766 -0.000776
-0.268582 -0.137605 -0.000284
-0.146256 0.982929 -0.000776
0.262003 0.911928 -0.000776
-0.291573 0.055610 0.000761
0.171408 0.273113 -0.000297
-0.929979 -0.287987 -0.000776
-0.199673 0.219197 -0.000291
-0.695797 -0.724573 -0.000776
-0.502836 -0.865089 -0.000776
-1.001560 -0.126140 -0.000776
0.096763 0.341342 -0.000297
0.197119 -0.221699 -0.000284
-0.185821 0.189343 -0.000291
-0.483637 -0.865109 -0.000776
1.020011 0.064346 -0.000776
0.270996 0.932717 -0.000776
0.991155 -0.285130 -0.000776
-0.811329 0.582386 -0.000776
-0.901557 0.392179 -0.000776
0.089084 -0.978330 -0.000776
0.193855 1.047039 -0.000776
0.953725 -0.211286 -0.000776
-0.993031 0.249215 -0.000776
-0.358942 0.042869 -0.000289
0.144320 -0.248903 -0.000284
0.171687 0.217097 -0.000291
-0.228297 -0.103485 -0.000284
0.976039 -0.140150 -0.000776
0.121645 -0.217140 -0.000284
0.215898 0.191280 -0.000289
-0.749552 -0.629682 -0.000776
-0.286640 0.084399 -0.000289
-0.954790 0.097802 -0.000776
-0.112331 1.003320 -0.000776
-0.246513 -0.972236 -0.000776
1.004341 0.206535 -0.000776
-0.274485 -0.198617 -0.000284
0.271696 -0.052469 -0.000284
0.294912 -0.038149 -0.000297
-1.008406 0.092189 -0.000776
-0.279394 0.067916 -0.000289
0.960943 -0.049386 -0.000776
-0.215020 0.135354 -0.000291
0.493445 -0.900710 -0.000776
-0.289759 0.053583 0.000761
-0.530386 0.824705 -0.000776
0.123295 -0.294627 -0.000284
-0.002784 -0.348232 -0.000284
-0.043684 0.267844 -0.000289
0.824656 -0.583199 -0.000776
0.276498 -0.029499 -0.000284
0.253458 0.217645 -0.000297
0.309975 -0.003339 -0.000297
-0.096366 -0.256135 -0.000284
-0.989373 0.050951 -0.000776
0.868944 0.543196 -0.000776
0.883762 -0.192674 -0.000776
0.061685 -0.972976 -0.000776
-0.294723 0.112240 -0.000289
-0.293983 0.046181 -0.000831
0.438338 0.928435 -0.000776
-0.373172 0.924015 -0.000776
1.019919 -0.062749 -0.000776
-0.729146 -0.643565 -0.000776
0.191180 0.281292 -0.000298
0.911653 -0.346466 -0.000776
-0.261102 -0.023501 -0.000290
-0.294705 0.156933 -0.000289
0.028340 0.290923 -0.000289
-0.279258 -0.086108 -0.000284
0.273833 0.121886 -0.000305
0.871789 -0.363678 -0.000776
-0.219643 -0.239780 -0.000283
-1.010052 -0.154857 -0.000776
0.792749 -0.605476 -0.000776
0.078134 0.259984 -0.000289
0.214313 0.233600 -0.000295
1.044585 -0.284350 -0.000776
-0.794251 -0.613977 -0.000776
-0.360840 0.936433 -0.000776
-0.484306 -0.849249 -0.000776
0.271823 0.137749 -0.000297
0.520842 0.880600 -0.000776
-0.835940 0.523492 -0.000776
0.108858 -0.270817 -0.000284
-0.997321 -0.097707 -0.000776
0.797652 -0.644621 -0.000776
-0.115559 0.995858 -0.000776
0.916718 -0.351763 -0.000776
-0.068552 0.248533 -0.000289
0.272704 -0.012205 -0.000594
0.316604 -0.201066 -0.000284
-0.045696 0.278386 -0.000289
0.276352 0.112273 0.001435
0.243211 -0.261691 -0.000284
0.113531 -0.311243 -0.000284
-0.261110 0.158472 -0.000289
0.689101 -0.713428 -0.000776
0.209262 0.202288 -0.000297
0.213974 -0.196930 -0.001103
-0.699256 0.695852 -0.000776
-0.815424 -0.616700 -0.000776
-0.240164 -0.028517 -0.000290
0.565359 0.776135 -0.000776
0.271452 0.901826 -0.000776
0.206876 0.255481 -0.000298
-1.005194 0.183978 -0.000776
-0.103776 -0.259939 -0.000284
0.292599 -0.082466 -0.000284
-0.321094 -0.946039 -0.000776
-0.362439 0.938005 -0.000776
-0.263397 0.166099 -0.000289
0.247907 0.117666 -0.000289
-0.132886 0.208357 -0.000291
-0.741703 0.662272 -0.000776
0.069862 -0.967730 -0.000776
0.276543 0.058007 -0.000297
-0.865896 0.530335 -0.000776
-0.956511 -0.367691 -0.000776
-0.804421 -0.721406 -0.000776
-0.054023 0.322629 -0.000289
-0.145480 -0.290221 -0.000284
-0.987071 -0.321648 -0.000776
0.109569 -0.222326 -0.000284
-0.013156 0.251401 -0.000289
0.291965 0.925369 -0.000776
-0.173421 -1.033350 -0.000776
0.972162 -0.077051 -0.000776
0.073157 0.318568 -0.000288
0.630836 0.748665 -0.000776
0.515136 -0.877381 -0.000776
0.323819 0.969256 -0.000776
-0.072502 -0.220549 -0.000284
-0.385870 0.890347 -0.000776
-0.111905 0.299700 -0.000289
0.514579 0.843479 -0.000776
0.281465 -0.056956 -0.000284
0.193266 0.159825 -0.000289
0.947653 0.109813 -0.000776
0.929920 0.316508 -0.000776
0.283539 -0.100508 -0.000284
-1.009649 0.210113 -0.000776
-0.236221 -0.145036 -0.000284
-0.226592 0.134903 -0.000291
-0.166688 0.293157 -0.000289
-0.952961 0.408449 -0.000776
0.964210 -0.058148 -0.000776
-0.445922 0.892197 -0.000776
0.435864 0.911429 -0.000776
-0.274265 -0.014034 -0.000290
-0.222286 0.146626 -0.000291
-0.510270 -0.851196 -0.000776
-0.276731 0.212803 -0.000289
-0.993443 -0.251599 -0.000776
0.155161 -0.300186 -0.000284
-0.234701 0.075755 -0.000291
0.247404 -0.971343 -0.000776
0.518834 -0.908270 -0.000776
0.273685 -0.173462 -0.000284
0.230790 0.985595 -0.000776
-0.645686 -0.752930 -0.000776
0.385584 -0.947764 -0.000776
-0.260075 -0.080860 -0.000284
0.283264 -0.898582 -0.000776
0.168354 -0.191397 -0.000284
0.546624 -0.832307 -0.000776
0.760931 0.638659 -0.000776
-0.559075 -0.843101 -0.000776
0.113992 0.318879 -0.000297
0.939335 -0.016960 -0.000776
-0.063699 -0.279719 -0.000284
-0.092312 -0.301256 0.004319
-0.051258 0.326854 -0.000289
-1.000580 0.134724 -0.000776
0.035485 -1.021737 -0.000776
-0.703291 0.705652 -0.000776
-0.878153 -0.429167 -0.000776
0.257799 0.951460 -0.000776
-1.037798 -0.108624 -0.000776
0.240860 0.068382 -0.000297
0.293755 -0.054112 -0.000297
-0.283312 -0.069203 -0.000307
-0.145624 0.260365 -0.000291
-0.712067 -0.661381 -0.000776
-0.066987 0.318972 -0.000289
-0.272772 -0.079180 -0.000284
0.009594 -0.316216 -0.000284
0.790716 0.573443 -0.000776
-0.424780 -0.951874 -0.000776
0.444288 0.881169 -0.000776
-0.660570 -0.775537 -0.000776
0.387764 -0.928848 -0.000776
0.253361 0.166850 0.000069
0.895504 -0.471854 -0.000776
-0.922736 -0.075776 -0.000776
0.936094 0.414627 -0.000776
0.935029 -0.241896 -0.000776
-0.881303 -0.502148 -0.000776
0.027526 -1.003522 -0.000776
-0.278931 -0.066837 -0.000307
-1.007307 0.107751 -0.000776
0.242649 -0.254192 -0.000284
0.299079 0.086632 -0.000297
-0.975816 0.273059 -0.000776
0.919897 0.458869 -0.000776
-0.281124 -0.133991 -0.000273
0.319353 -0.020348 -0.000297
0.126258 0.989396 -0.000776
0.125568 -0.221798 -0.000284
0.165319 0.288853 -0.000297
-0.856092 0.378522 -0.000776
-0.227104 -0.957848 -0.000776
0.199560 0.224045 -0.000291
0.048846 -0.334644 -0.000284
0.294400 0.059771 -0.000294
-0.049664 -0.351728 -0.000284
-0.622131 0.787883 -0.000776
-0.896196 -0.408622 -0.000776
0.116068 -0.226419 -0.000284
-0.127870 0.287683 -0.000289
0.090737 -0.250896 -0.000284
0.529541 -0.884458 -0.000776
0.171971 0.954335 -0.000776
0.063831 -0.333837 -0.000284
0.145552 1.004767 -0.000776
0.979300 0.123690 -0.000776
0.252712 -0.228272 -0.000284
-0.752276 0.708844 -0.000776
-0.272537 0.087659 -0.000289
-0.251934 0.146003 -0.000289
-0.273895 0.963018 -0.000776
-0.671028 0.796163 -0.000776
0.691987 -0.745484 -0.000776
-0.052108 -0.333135 -0.000284
-0.233772 0.152873 -0.000291
0.106259 0.301541 -0.000297
-0.190536 -0.939156 -0.000776
-0.190733 -0.200336 -0.000284
0.247171 0.187856 -0.000297
0.301465 -0.057799 -0.000297
-1.014318 -0.269886 -0.000776
0.856236 -0.477893 -0.000776
-0.109929 -1.007274 -0.000776
-0.093715 -0.278990 -0.000284
-0.964386 -0.303705 -0.000776
-0.661751 0.782207 -0.000776
-0.970887 -0.309724 -0.000776
0.969947 0.249618 -0.000776
-0.017359 0.323985 -0.000289
0.380443 -0.915347 -0.000776
-0.009640 -0.274267 -0.000284
0.237483 -0.176602 -0.000284
-0.599364 -0.821513 -0.000776
-0.956911 -0.236408 -0.000776
0.131090 -0.208667 -0.000284
-0.004238 -0.960829 -0.000776
0.249411 -0.233177 -0.000284
-0.612314 -0.789236 -0.000776
0.184336 -0.223366 -0.000284
-0.939521 -0.349240 -0.000776
0.535122 0.857840 -0.000776
-0.981321 -0.161830 -0.000776
-0.589501 -0.825579 -0.000776
-0.403393 0.941388 -0.000776
-0.134355 0.215003 -0.000291
-0.311724 -0.038421 -0.000289
-0.813119 -0.535997 -0.000776
0.120067 0.261014 -0.000297
0.105644 -0.278499 -0.000284
-0.019835 0.286305 -0.000217
0.944536 0.382940 -0.000776
-0.286896 0.079810 -0.000289
-0.242696 0.053686 -0.000290
0.809415 -0.667965 -0.000776
0.194109 0.193007 -0.000289
-0.826712 0.460774 -0.000776
0.980168 -0.245664 -0.000776
0.958632 -0.151182 -0.000776
0.649373 0.732840 -0.000776
0.334079 -0.023126 -0.000297
0.244256 0.175334 -0.000294
-0.147985 -0.267726 -0.000284
0.242729 0.100602 -0.000289
0.227725 -0.066614 -0.000284
-0.528041 -0.888360 -0.000776
0.141875 0.237048 -0.000088
-0.275849 -0.037913 -0.000289
-0.024937 -0.950155 -0.000776
-0.046072 0.973007 -0.000776
0.959186 0.060297 -0.000776
0.099392 -0.284947 -0.000286
0.100884 0.314148 -0.000297
-0.133566 1.004666 -0.000776
0.809909 0.699055 -0.000776
-0.913909 -0.396089 -0.000776
0.074094 1.032493 -0.000776
0.033339 -0.328935 -0.000284
-0.530344 0.893485 -0.000776
-0.374377 -0.925404 -0.000776
0.293641 -0.051790 -0.000297
0.974069 0.275488 -0.000776
0.115962 0.248297 0.000230
-0.850148 0.516122 -0.000776
-0.926787 0.413258 -0.000776
0.951310 -0.299810 -0.000776
-0.286998 -0.124437 -0.000287
0.546341 0.785522 -0.000776
-0.062378 0.307925 -0.000115
0.339845 0.010307 -0.000297
0.963654 0.195426 -0.000776
0.997732 0.216976 -0.000776
0.296745 -0.026053 -0.000295
-0.884387 0.478207 -0.000776
0.095368 -0.306758 -0.000284
-0.323167 -0.014591 -0.000289
0.132077 -0.241825 -0.000288
-0.110761 -0.315274 -0.000284
-0.593355 0.777899 -0.000776
0.057341 0.317346 -0.000289
-0.206587 0.119433 -0.000291
-0.029193 0.321427 -0.000278
-0.196025 -0.245645 -0.000252
-1.032504 -0.196689 -0.000776
-0.132400 -0.243512 -0.000284
-0.062450 -0.986465 -0.000776
0.074682 0.278315 -0.000293
-0.102284 1.017688 -0.000776
-0.113032 0.265940 -0.000289
0.011391 0.259909 -0.000289
-0.246714 0.182725 -0.000289
-0.103238 -0.271377 -0.000284
0.956456 -0.091191 -0.000776
0.684460 -0.736183 -0.000776
0.915216 -0.498988 -0.000776
0.135641 -0.972224 -0.000776
0.993304 -0.084685 -0.000776
0.032959 -0.293334 -0.000284
-0.996558 -0.355652 -0.000776
0.188245 -0.215192 -0.000284
0.682701 0.736523 -0.000776
0.152943 -0.193599 -0.000284
-1.000611 0.096477 -0.000776
-0.848037 -0.541907 -0.000776
0.322651 -0.041896 -0.000297
0.085898 -0.287144 -0.000284
-0.910306 0.432013 -0.000776
0.268722 -0.015684 -0.000594
-0.278855 0.042806 -0.000290
-0.158687 0.185448 -0.000291
-0.302706 -0.066191 -0.000290
-0.053974 -0.271182 -0.000284
0.004730 0.264848 -0.000289
0.958653 0.262199 -0.000776
-0.231885 0.255715 -0.000289
0.934502 0.427547 -0.000776
-0.081959 0.267215 -0.000289
-0.213199 -0.977596 -0.000776
0.158205 0.327658 -0.000297
-0.158057 0.309909 -0.000289
0.059119 1.005758 -0.000776
0.290310 0.152224 -0.000297
1.029350 -0.228265 -0.000776
0.224471 0.170991 -0.000289
1.005293 -0.057126 -0.000776
0.398712 0.896834 -0.000776
0.975771 -0.234264 -0.000776
-0.484785 -0.920039 -0.000776
0.442303 -0.886964 -0.000776
-0.366433 0.924964 -0.000776
0.944559 0.049665 -0.000776
0.806325 -0.658374 -0.000776
0.025828 -0.333773 -0.000284
0.212021 -0.210068 -0.000285
0.316203 0.076595 -0.000297
0.954674 -0.049685 -0.000776
0.141977 -0.271855 -0.000284
-0.208014 0.208594 -0.000292
0.037819 -1.004253 -0.000776
0.311996 0.168385 -0.000297
-0.302148 -0.018321 -0.000289
-0.146025 0.193502 -0.000291
-0.246067 0.194174 -0.000289
-0.140820 -0.232448 -0.000284
-0.276698 0.141632 -0.000289
-0.908770 0.317138 -0.000776
0.301070 -0.179298 -0.000284
-0.324338 0.016051 -0.000289
-0.954667 0.214045 -0.000776
-0.275547 -0.199172 -0.000284
0.315211 0.962820 -0.000776
-0.310202 -0.005416 -0.000289
-0.177658 0.263242 -0.000289
0.986607 -0.115577 -0.000776
-0.629448 -0.831161 -0.000776
0.087024 0.284597 -0.000294
0.238225 -0.953759 -0.000776
0.278465 -0.177735 -0.000284
0.065181 0.205242 -0.000289
0.524377 -0.821089 -0.000776
-0.983300 -0.197575 -0.000776
0.025211 0.976938 -0.000776
0.263711 0.189858 -0.000297
-0.820394 0.581536 -0.000776
0.298023 0.106041 -0.000297
-0.334029 -0.008397 -0.000289
0.244704 -0.118600 -0.007649
0.318327 0.076301 -0.000297
-0.286241 -0.145380 -0.000284
-0.258480 -0.162636 -0.000284
-1.031770 0.138766 -0.000776
0.122020 -0.347157 -0.000284
0.235176 -0.102552 -0.000284
0.211406 0.238949 -0.000295
0.277879 -0.018465 -0.000595
0.295792 0.080069 -0.000297
-0.204176 0.949752 -0.000776
-0.948142 0.172428 -0.000776
-0.177812 0.177119 -0.000291
0.250867 0.110399 -0.000289
0.152065 -0.242684 -0.000284
-0.280541 -0.122348 -0.000287
0.927830 -0.393368 -0.000776
0.271092 -0.035462 -0.000284
-0.284636 -0.057114 -0.000290
-0.011133 0.287966 0.000027
0.067598 -0.323569 -0.000284
0.319454 0.116891 -0.000297
0.287215 -0.140125 -0.000284
0.236195 -0.126041 -0.000284
-0.126503 -0.313931 -0.000284
0.162042 -0.264631 -0.000284
-0.925186 0.472080 -0.000776
-0.193207 -0.217888 -0.000284
0.305220 0.047252 -0.000297
0.221708 -0.234012 -0.000284
-0.574623 -0.817365 -0.000776
0.721992 -0.689798 -0.000776
0.232340 -0.132496 -0.000284
0.544045 0.860415 -0.000776
-0.197158 0.274176 -0.000289
0.883948 -0.340262 -0.000776
0.971166 -0.297473 -0.000776
-0.081224 0.261507 -0.000289
-0.584114 -0.814967 -0.000776
0.889456 -0.469104 -0.000776
-0.464178 -0.889775 -0.000776
0.180762 -0.183440 -0.000284
0.240814 -0.183087 -0.000284
0.343140 0.951683 -0.000776
0.029874 -0.975370 -0.000776
-1.057295 0.132483 -0.000776
0.031432 -0.253098 -0.000284
-0.163869 -0.925247 -0.000776
-0.923233 -0.411853 -0.000776
-0.302821 0.119004 -0.000289
0.930920 0.284016 -0.000776
0.148945 -0.253217 -0.000284
0.854944 -0.503514 -0.000776
-0.613660 -0.796610 -0.000776
-0.190700 -0.993778 -0.000776
0.757042 0.652153 -0.000776
0.131126 -0.242744 -0.000288
-0.282154 -0.138631 -0.000273
0.237781 -0.097487 -0.000284
-0.815198 -0.534999 -0.000776
-0.203707 0.151201 -0.000291
-0.326653 -0.002189 -0.000289
0.992694 0.260429 -0.000776
0.286340 -0.035403 -0.000238
0.037497 1.036907 -0.000776
-0.092913 -0.256624 -0.000284
-0.315226 0.934157 -0.000776
0.315351 0.053404 -0.000297
-0.872279 -0.471238 -0.000776
0.230565 -0.996765 -0.000776
0.023506 -0.297555 -0.000291
-0.150208 0.959495 -0.000776
0.289876 -0.017189 -0.000295
-0.264068 0.152248 -0.000289
-0.339871 0.920954 -0.000776
-0.240430 0.179092 -0.000289
-0.169063 0.998572 -0.000776
-0.222276 0.168448 -0.000291
-0.990385 -0.255205 -0.000776
0.851759 -0.555661 -0.000776
0.941921 -0.417567 -0.000776
-0.840579 0.550755 -0.000776
-0.317603 -0.109368 -0.000289
-0.511739 0.828322 -0.000776
-0.937497 0.201748 -0.000776
-0.668075 0.761108 -0.000776
0.247696 0.191194 -0.000297
0.444818 -0.866897 -0.000776
1.029532 0.029945 -0.000776
-0.387000 0.950274 -0.000776
-0.235389 -0.091824 -0.000284
0.028460 0.229271 -0.000289
-0.013327 0.285392 0.000027
-0.152663 0.260104 -0.000291
0.874804 0.377906 -0.000776
-0.177179 -0.250584 -0.000284
-0.323067 0.004091 -0.000289
-1.028205 -0.011896 -0.000776
0.972338 0.100587 -0.000776
-0.389918 -0.946924 -0.000776
-0.308265 -0.044832 -0.000289
-0.969142 0.010115 -0.000776
-0.232262 -0.165476 -0.000284
0.289620 0.055234 -0.000294
0.883931 0.467948 -0.000776
-0.125437 0.268568 -0.000289
0.042199 -0.276811 -0.000284
0.245437 -0.137633 -0.000281
0.944894 0.384977 -0.000776
0.187664 0.163258 -0.000289
-0.239506 0.140045 -0.000289
0.194607 -0.153341 -0.000284
-0.067063 -0.333669 -0.000284
-0.828541 0.528722 -0.000776
-0.104520 0.241392 -0.000289
0.109017 0.249965 0.005998
0.939890 -0.119412 -0.000776
0.236666 0.965241 -0.000776
-0.479348 0.903645 -0.000776
0.328273 -0.926117 -0.000776
-1.037979 0.111718 -0.000776
-0.294024 -0.059731 -0.000290
-0.137682 -0.268546 -0.000284
0.078303 0.302840 -0.000288
-0.975185 -0.180827 -0.000776
0.300131 -0.149203 -0.000284
-0.579051 -0.832358 -0.000776
0.769279 -0.616849 -0.000776
-0.875501 0.481341 -0.000776
0.096892 -0.227521 -0.000284
0.644820 -0.746293 -0.000776
-0.147939 0.251382 -0.000291
-0.643916 0.800090 -0.000776
-0.306036 -0.208852 -0.000284
-0.103541 0.987578 -0.000776
0.615908 -0.817165 -0.000776
-0.238556 0.158036 -0.000291
0.714436 -0.728210 -0.000776
-0.830325 -0.530994 -0.000776
-0.146834 -0.925313 -0.000776
0.432356 -0.893909 -0.000776
0.962914 -0.040108 -0.000776
-0.236331 0.113345 -0.000291
-0.987999 0.182572 -0.000776
-0.244422 -0.227905 -0.000284
0.682511 0.736238 -0.000776
0.949643 0.103937 -0.000776
-0.919069 0.362648 -0.000776
0.296131 -0.093296 -0.000284
-0.297692 0.164789 -0.000289
0.206244 -0.197322 -0.000293
-0.963467 0.145008 -0.000776
0.211373 0.046130 -0.000297
-0.016316 -0.307035 -0.000284
0.850525 -0.614625 -0.000776
-0.039612 0.343416 -0.000289
-0.156569 -0.976292 -0.000776
0.631919 -0.791487 -0.000776
-0.202932 0.216911 -0.000291
0.046791 0.316764 -0.000289
-0.374128 -0.971844 -0.000776
0.819102 -0.464590 -0.000776
-0.124633 -0.203001 -0.000284
-0.131152 -0.247869 -0.000284
-0.281848 -0.926738 -0.000776
0.768813 0.667730 -0.000776
-0.197126 -0.249835 -0.000252
0.938853 0.400895 -0.000776
0.181780 -0.960262 -0.000776
0.237684 0.135899 -0.000289
0.966406 -0.170643 -0.000776
-0.330907 -0.031821 -0.000289
0.871989 0.445288 -0.000776
0.252203 -0.117972 -0.008445
-0.823517 0.659455 -0.000776
0.501792 0.865502 -0.000776
-0.142511 0.204989 -0.000291
0.087429 0.284443 -0.000294
0.940840 -0.111470 -0.000776
-0.249001 0.212486 -0.000289
-0.278344 -0.079301 -0.000284
0.862215 -0.577243 -0.000776
0.119515 -0.280249 -0.000284
-0.483493 0.767388 -0.000776
0.403254 0.855222 -0.000776
0.180671 -0.182042 -0.000284
-0.701367 0.757790 -0.000776
0.739758 0.658011 -0.000776
0.015048 -0.316755 -0.000284
0.205001 0.159898 -0.000289
-0.953829 -0.055760 -0.000776
-0.103375 0.251938 -0.000289
-0.756645 0.604700 -0.000776
-0.709838 -0.761976 -0.000776
-0.326859 -0.886536 -0.000776
-0.324558 -0.043855 -0.000289
0.034910 -0.993738 -0.000776
0.241259 0.202031 -0.000297
-0.065046 0.972290 -0.000776
0.104815 -0.293368 -0.000286
0.534538 -0.827338 -0.000776
0.319912 -0.909126 -0.000776
-0.095651 -0.230731 -0.000284
-0.042699 -0.298733 -0.000284
0.197796 -0.184748 -0.000284
0.108059 -0.988082 -0.000776
-0.206315 -0.234764 -0.000274
0.931432 0.310002 -0.000776
-0.328999 -0.103885 -0.000289
-1.010472 0.006500 -0.000776
-0.815215 -0.617901 -0.000776
0.281963 -0.180586 -0.000284
-0.024524 0.312249 -0.000175
1.015742 -0.096055 -0.000776
-0.033902 -0.326419 -0.000284
0.141820 0.245889 -0.000043
0.080039 0.967745 -0.000776
0.802919 0.554697 -0.000776
0.051315 -0.288368 -0.000284
0.026140 -0.308211 -0.000284
0.397108 0.929522 -0.000776
0.062792 -0.296938 -0.000284
-0.724112 -0.613609 -0.000776
-0.006738 0.309784 -0.000289
0.871984 0.498899 -0.000776
-0.961472 0.072746 -0.000776
-0.846403 0.636115 -0.000776
-0.326261 0.026344 -0.000289
-0.278590 -0.115079 -0.000287
0.095105 -0.262769 -0.000284
0.827550 0.543110 -0.000776
0.956449 0.215846 -0.000776
0.262692 0.164392 -0.000218
-0.255027 -0.134418 -0.000284
-0.818143 -0.441229 -0.000776
-0.246705 -0.185485 -0.000283
0.108294 0.339938 -0.000297
0.940663 -0.408868 -0.000776
-0.021801 1.023086 -0.000776
-0.194419 -0.228647 -0.000284
0.283345 -0.028855 -0.000286
-0.613928 0.759916 -0.000776
-0.818463 -0.616658 -0.000776
-0.275186 -0.265563 -0.000284
0.043977 1.007545 -0.000776
0.166711 0.281822 -0.000297
-0.261789 0.113208 -0.000289
0.720068 0.636857 -0.000776
-0.034707 0.250925 -0.000289
0.167938 0.222700 -0.000291
0.006354 -1.045060 -0.000776
0.017902 0.304547 -0.000289
-0.668758 0.722006 -0.000776
0.153558 -0.304130 -0.000284
-0.278641 -0.133811 -0.000273
0.278414 0.198411 -0.000297
-0.127422 -0.955170 -0.000776
-0.757884 0.518011 -0.000776
-0.119177 0.329684 -0.000289
0.261367 0.162523 -0.000218
-0.129440 -0.284322 -0.000284
0.639642 -0.765056 -0.000776
0.043033 -0.343046 -0.000284
-0.722553 0.658602 -0.000776
-0.225382 -0.187161 -0.000284
-0.941682 -0.244481 -0.000776
-0.076912 0.346413 -0.000289
-0.243591 -0.097103 -0.000284
0.103701 -0.227577 -0.000284
0.408196 0.924198 -0.000776
-0.428856 -0.913291 -0.000776
0.205498 0.278260 -0.000298
-0.451309 0.929180 -0.000776
0.202259 -0.287899 -0.000284
-0.127823 0.218137 -0.000291
0.706535 -0.774033 -0.000776
-0.556279 -0.862660 -0.000776
-1.002356 -0.150004 -0.000776
-0.015345 0.987519 -0.000776
0.254905 0.092683 -0.000297
-0.556048 -0.821802 -0.000776
-0.196380 -0.124349 -0.000284
0.135284 0.987146 -0.000776
0.800541 -0.530332 -0.000776
-0.184341 -0.202346 -0.000284
-0.193100 0.245416 -0.000289
-0.780390 0.689324 -0.000776
0.618674 -0.704300 -0.000776
0.242758 -0.956977 -0.000776
0.813788 0.560081 -0.000776
-0.284365 -0.028585 -0.000289
-0.274316 -0.151382 -0.000284
-0.051800 0.278577 -0.000289
-0.213615 -0.228383 -0.000274
-0.167792 0.204884 -0.000300
0.734356 -0.715459 -0.000776
-0.027724 0.309999 -0.000175
0.266980 -0.094377 -0.000284
-0.965813 -0.399382 -0.000776
-0.109731 -0.341013 -0.000284
-0.352155 -0.020057 -0.000289
0.309471 -0.951146 -0.000776
-0.981357 -0.183802 -0.000776
-0.668481 -0.682050 -0.000776
-1.022515 0.066693 -0.000776
0.538867 0.784242 -0.000776
0.199709 -0.946571 -0.000776
-0.159067 -0.229846 -0.000284
-0.301651 -0.016447 -0.000289
-0.602306 0.787847 -0.000776
0.124805 1.001710 -0.000776
0.865828 -0.502333 -0.000776
-0.864940 0.483379 -0.000776
-0.050353 -1.013146 -0.000776
0.929817 0.513460 -0.000776
-1.004845 0.063093 -0.000776
0.218819 -0.164006 -0.000282
0.085828 -0.277975 -0.000284
0.474521 -0.874024 -0.000776
-0.176910 0.228066 -0.000413
-0.029300 0.280767 -0.000289
-0.186698 -0.266405 -0.000284
0.229027 -0.162118 -0.000282
-0.203982 0.187564 -0.000291
0.284145 0.019474 -0.000297
-0.897181 0.559802 -0.000776
-0.890829 -0.574438 -0.000776
-0.145827 0.280616 -0.000289
-0.197105 -0.246846 -0.000252
-0.274926 -0.148951 -0.000284
0.670756 0.770471 -0.000776
-0.291642 0.130623 -0.000289
-0.325103 0.048382 -0.000289
-0.040080 0.294487 -0.000288
-0.852938 0.575042 -0.000776
0.589204 0.816206 -0.000776
-0.596616 0.777843 -0.000776
-0.124566 0.270331 -0.000289
-0.786226 0.648664 -0.000776
0.880822 0.410100 -0.000776
-0.082210 0.282100 -0.000289
0.236068 0.968070 -0.000776
-1.056859 0.008088 -0.000776
-0.613378 0.839485 -0.000776
0.831602 0.582949 -0.000776
0.278412 0.080721 -0.000297
0.994218 -0.280134 -0.000776
0.607000 0.787854 -0.000776
0.152679 0.266990 -0.000297
0.000248 -0.313740 -0.000284
-0.279316 0.020826 -0.000290
0.346305 -0.001107 -0.000297
0.031532 1.028784 -0.000776
0.172577 0.967972 -0.000776
0.072418 -0.307804 -0.000284
-0.544084 0.804029 -0.000776
0.703885 0.738865 -0.000776
-0.874605 -0.542718 -0.000776
0.248727 0.045130 -0.000297
-0.480787 0.877317 -0.000776
0.286512 0.114452 -0.000299
0.013877 -0.301228 -0.000291
0.304080 0.975893 -0.000776
0.093555 0.985863 -0.000776
0.427172 0.884907 -0.000776
0.297660 0.055896 -0.000294
-0.748353 0.692302 -0.000776
0.969203 -0.222257 -0.000776
0.271270 -0.186426 -0.000284
-0.556459 -0.851315 -0.000776
-0.059012 -0.264599 -0.000284
0.194962 -0.169382 -0.000284
-0.489870 0.856644 -0.000776
-0.844446 -0.658001 -0.000776
0.319643 0.056420 -0.000297
-0.066635 1.063797 -0.000776
0.272323 0.150871 -0.000297
0.233389 -0.074221 -0.000284
-0.958389 -0.285633 -0.000776
0.183405 0.228850 -0.000291
0.000159 0.305812 -0.000289
0.784926 0.578233 -0.000776
-0.277103 0.060016 -0.000289
0.306012 -0.121887 -0.000284
-0.680736 -0.790446 -0.000776
-0.446349 -0.884503 -0.000776
0.970100 0.109360 -0.000776
0.676209 -0.688056 -0.000776
0.061468 1.038045 -0.000776
0.943024 0.315412 -0.000776
0.081315 0.311410 -0.000288
0.864001 -0.507718 -0.000776
-0.921922 0.405679 -0.000776
-0.273337 -0.913833 -0.000776
-0.135983 0.291598 -0.000289
-0.215793 0.102718 -0.000291
0.444473 -0.873080 -0.000776
-0.319124 0.904086 -0.000776
0.439025 0.899719 -0.000776
-0.185262 1.000805 -0.000776
0.910700 -0.479594 -0.000776
0.184104 -0.287158 -0.000284
0.039628 0.316866 -0.000289
-0.574372 0.849916 -0.000776
-0.399120 0.961267 -0.000776
0.299109 -0.013113 -0.000295
0.924684 -0.425495 -0.000776
0.075172 -0.276295 -0.000284
0.462736 0.857018 -0.000776
-0.824514 0.432553 -0.000776
0.142926 0.945111 -0.000776
1.040687 0.058353 -0.000776
0.006867 -0.309805 -0.000284
0.236134 0.202274 -0.000297
0.872493 0.454338 -0.000776
-0.281152 -0.038209 -0.000289
-0.159200 -0.269953 -0.000284
0.623640 -0.794333 -0.000776
-0.068267 -0.296647 -0.000284
-0.095089 -0.285187 -0.000284
-0.308746 0.951661 -0.000776
0.220437 -0.173784 -0.000281
-0.105780 -0.218579 -0.000284
0.313028 -0.099554 -0.000284
0.236167 -0.178841 -0.000284
0.027785 0.255808 -0.000289
-1.021570 0.057687 -0.000776
0.879315 0.438546 -0.000776
-1.035402 -0.087164 -0.000776
0.278019 0.152181 -0.000297
-0.905672 -0.294077 -0.000776
0.428702 0.921670 -0.000776
0.780406 0.661659 -0.000776
0.694382 0.634303 -0.000776
-0.262598 0.990333 -0.000776
0.246621 0.126398 -0.000289
0.245113 0.107294 -0.000289
-0.611118 -0.805252 -0.000776
0.117366 -0.957919 -0.000776
-0.109396 -0.272519 -0.000284
-0.231061 0.118363 -0.000291
-0.714359 -0.657954 -0.000776
-0.181172 -0.223244 -0.000284
-0.204335 -0.249352 -0.000262
-0.846317 0.494578 -0.000776
-0.608272 -0.737325 -0.000776
0.290501 -0.080353 -0.000284
-0.238609 0.995566 -0.000776
0.090256 -0.321067 -0.000284
0.096820 0.334592 -0.000297
-0.485720 0.875533 -0.000776
0.287330 -0.043229 -0.000293
0.203395 -0.131904 -0.000284
0.298075 0.046324 -0.000297
0.977908 0.281072 -0.000776
-0.024109 -0.963175 -0.000776
-0.253934 0.041329 -0.000290
-0.031924 -1.028209 -0.000776
-0.998438 0.202943 -0.000776
0.307311 -0.036509 -0.000297
-0.210876 -0.126594 -0.000284
0.288754 -0.027749 -0.000286
-0.208723 -0.227825 -0.000274
-0.886193 0.487926 -0.000776
-0.502424 0.884749 -0.000776
-0.505517 -0.846634 -0.000776
-0.598838 0.823681 -0.000776
-0.936299 0.309131 -0.000776
-0.115431 0.252525 -0.000289
0.280165 0.059280 -0.000297
0.255916 -0.195332 -0.000284
-0.189998 0.124796 -0.000291
0.140579 0.240761 -0.000000
0.297182 -0.132670 -0.000284
0.015855 -1.010737 -0.000776
0.635993 0.743536 -0.000776
-0.993275 0.325776 -0.000776
0.085878 0.250909 -0.000289
-0.337785 -0.963266 -0.000776
0.168753 0.270274 -0.000297
-0.112293 -0.302467 -0.000284
0.441388 -0.978076 -0.000776
0.245144 0.224972 -0.000297
0.966719 -0.324229 -0.000776
0.300759 0.000485 -0.000297
0.020808 -0.311831 -0.000284
-0.819572 0.620100 -0.000776
0.336219 -0.102749 -0.000284
-0.178498 -0.216182 -0.000284
0.158709 0.249566 -0.000297
0.214867 -0.270738 -0.000284
-0.029813 0.307109 -0.000175
-0.094329 -0.235914 -0.000284
1.010749 0.120103 -0.000776
-0.115739 0.287873 -0.000289
0.068696 -0.977083 -0.000776
-0.819721 0.646382 -0.000776
-0.004938 1.012438 -0.000776
-0.062361 0.305640 -0.000115
-0.227482 -0.004293 -0.000290
0.289143 0.153850 -0.000297
-0.453387 -0.866360 -0.000776
0.264623 -0.092689 -0.000284
-0.297917 -0.030853 -0.000289
-0.208668 0.222262 -0.000307
0.180913 0.237346 -0.000291
0.735710 -0.763536 -0.000776
-0.808077 -0.609419 -0.000776
-0.183182 0.171143 -0.000291
-0.200579 -0.313034 -0.000284
-0.711376 -0.695532 -0.000776
0.848296 -0.566858 -0.000776
0.599831 -0.765094 -0.000776
0.107751 0.224643 -0.000289
-0.059441 0.344504 -0.000289
-0.299351 -0.992300 -0.000776
0.080813 -0.262843 -0.000284
-0.286858 -0.102864 -0.000287
-0.366974 -0.937794 -0.000776
0.326293 -0.106521 -0.000284
-0.422993 0.891990 -0.000776
-0.237793 -0.199583 -0.000284
0.036462 -0.233388 -0.000284
0.120127 0.273783 -0.000297
-0.103062 -0.322144 -0.000284
-0.699158 -0.686858 -0.000776
-0.001895 -0.265555 -0.000284
0.700801 0.693781 -0.000776
0.321688 0.001595 -0.000297
0.279451 0.171983 -0.000297
0.612223 -0.796228 -0.000776
0.155748 -1.008256 -0.000776
-0.768180 -0.555695 -0.000776
0.256911 -0.044371 -0.000284
0.097563 0.240686 -0.000289
-0.138369 -0.261016 -0.000284
-0.923639 0.557693 -0.000776
0.783121 0.549310 -0.000776
-0.024996 0.314359 -0.000175
-0.246900 -0.144408 -0.000284
-0.056846 -1.020326 -0.000776
-0.542929 0.896297 -0.000776
0.076988 -0.294587 -0.000284
-0.204504 -0.268243 -0.000284
0.478348 -0.869162 -0.000776
0.491608 -0.880465 -0.000776
0.039472 0.313198 -0.000289
0.208622 -0.283553 -0.000284
0.907976 -0.375168 -0.000776
-0.161655 0.257743 -0.001990
-0.018508 -0.321006 -0.000284
0.170730 -0.230687 -0.000284
-0.014904 0.291439 0.000000
-0.241841 0.069445 -0.000291
-0.011501 -0.336019 -0.000284
-0.559404 -0.775872 -0.000776
0.818879 0.620332 -0.000776
0.379632 -0.957682 -0.000776
1.004605 -0.029270 -0.000776
0.262637 0.155736 -0.000218
-0.213745 0.219409 -0.000307
0.233234 -0.238134 -0.000284
-0.926701 0.283965 -0.000776
0.253472 0.100665 -0.000297
-0.260331 0.156964 -0.000289
0.014928 0.352051 -0.000289
-0.829003 -0.490885 -0.000776
-0.290801 0.232579 -0.000289
-0.245236 0.057269 -0.000290
-0.217964 0.178015 -0.000291
0.051769 0.309412 -0.000289
-1.027378 0.073625 -0.000776
-0.291048 -0.926624 -0.000776
-0.666564 0.684962 -0.000776
0.960335 -0.122777 -0.000776
0.118216 0.248790 0.000230
-0.217186 -0.120999 -0.000284
-0.802779 0.584201 -0.000776
-0.902403 0.461329 -0.000776
-0.354866 0.032747 -0.000289
-0.068951 -0.297794 -0.000284
0.208145 0.248364 -0.000298
0.475317 0.908571 -0.000776
-0.347733 -0.941351 -0.000776
0.421251 -0.898125 -0.000776
-0.897516 0.410966 -0.000776
-0.288662 0.008174 -0.000290
0.211330 0.205851 -0.000297
-0.048377 -0.246062 -0.000284
-0.198847 -0.963266 -0.000776
-0.232663 0.968537 -0.000776
-0.279156 0.031895 -0.000290
0.196956 0.181277 -0.000289
-0.296373 -0.096382 -0.000287
-0.662216 -0.752053 -0.000776
-0.053584 -0.954721 -0.000776
-0.982885 0.028530 -0.000776
0.246470 0.162479 0.000038
0.167629 0.168963 -0.000289
-0.355757 -0.981439 -0.000776
-0.292500 -0.000718 -0.000290
0.969353 -0.014101 -0.000776
-0.237314 0.177652 -0.000289
0.081435 0.261085 -0.000289
0.921258 -0.456120 -0.000776
0.207250 0.175114 -0.000289
-0.145536 -0.214958 -0.000284
-0.280900 -0.197551 -0.000284
0.010139 0.323606 -0.000289
-0.216469 -0.177868 -0.000284
-0.458477 0.901562 -0.000776
0.821043 0.581489 -0.000776
-0.120348 0.225367 -0.000291
0.251626 0.972441 -0.000776
0.144720 0.232998 -0.000017
0.580315 -0.814973 -0.000776
-0.005436 1.020606 -0.000776
0.273581 -0.074665 -0.000284
-0.196134 -0.216700 -0.000284
0.078215 -0.302653 -0.000284
-0.303761 -0.052979 -0.000289
-0.087923 -0.301865 0.004319
0.017917 0.265990 -0.000289
-0.649112 0.764615 -0.000776
-0.037607 1.018583 -0.000776
-0.062022 -1.046864 -0.000776
0.965973 0.205504 -0.000776
0.544623 -0.856783 -0.000776
-0.230948 -0.108369 -0.000284
-0.264537 0.072058 -0.000289
0.170385 -0.296768 -0.000284
-0.395962 -0.885139 -0.000776
-0.260328 -0.041083 -0.000290
0.069956 -0.279611 -0.000284
1.058204 0.048140 -0.000776
0.671327 0.715246 -0.000776
0.523019 -0.881634 -0.000776
-0.656958 0.807449 -0.000776
-0.258882 0.942176 -0.000776
-0.309095 -0.962215 -0.000776
0.339846 0.088195 -0.000297
-0.016289 -0.317565 -0.000284
0.317400 0.030834 -0.000297
-0.671821 0.767349 -0.000776
-0.003359 -0.274792 -0.000284
-0.161425 -0.229333 -0.000284
0.027915 0.232307 -0.000289
0.136918 0.968551 -0.000776
-0.230152 0.128620 -0.000291
-0.121828 0.316517 -0.000289
-0.525204 0.815037 -0.000776
-0.288561 0.138108 -0.000289
-0.092787 -0.303977 0.004319
-0.804684 -0.597320 -0.000776
-0.278843 0.117223 -0.000289
0.301930 -0.110330 -0.000284
-0.920783 0.259259 -0.000776
0.935758 0.432728 -0.000776
1.030346 -0.038458 -0.000776
-0.290728 0.196773 -0.000289
0.063969 1.036412 -0.000776
-0.562566 -0.801184 -0.000776
0.786276 0.627567 -0.000776
0.312209 -0.060752 -0.000297
-0.298620 -0.158304 -0.000284
-0.113300 -0.232350 -0.000284
-0.869410 -0.434950 -0.000776
0.650680 0.700333 -0.000776
-0.066034 0.283682 -0.000289
0.296950 -0.002249 -0.000297
-0.032277 -0.324770 -0.000284
-0.236715 -0.177177 -0.000284
-0.125119 -0.299072 -0.000284
0.634834 -0.812092 -0.000776
-0.387809 -0.914695 -0.000776
0.651734 0.755454 -0.000776
0.296644 0.028819 -0.000297
-0.205583 -0.243182 -0.000264
0.956457 0.053072 -0.000776
-1.045467 0.021025 -0.000776
0.579314 -0.819479 -0.000776
0.915606 -0.367780 -0.000776
-0.703131 -0.741764 -0.000776
0.062999 -0.342349 -0.000284
0.880658 -0.404954 -0.000776
-0.185188 -0.264269 -0.000284
0.209979 -0.288881 -0.000284
-0.847229 0.529351 -0.000776
0.311488 -0.080580 -0.000284
-0.604258 0.857283 -0.000776
-0.165897 0.206478 -0.000300
0.566372 0.776487 -0.000776
-0.603071 0.832589 -0.000776
-0.377720 0.959641 -0.000776
0.070744 -0.302217 -0.000284
-0.809023 -0.583751 -0.000776
-0.239214 -0.167473 -0.000284
-0.182847 1.021980 -0.000776
-0.074765 -0.239109 -0.000284
0.247268 -0.117509 -0.007649
0.213381 0.068371 -0.000297
-0.778714 0.590356 -0.000776
-0.351963 -0.043564 -0.000289
-0.945494 0.195192 -0.000776
-0.254449 0.058567 -0.000290
0.029986 0.299260 -0.000289
-1.016336 -0.022197 -0.000776
-0.979098 -0.186882 -0.000776
0.293583 0.054815 -0.000294
0.847571 -0.567009 -0.000776
-0.271740 -0.194585 -0.000284
-1.008239 -0.345216 -0.000776
0.103798 -0.273762 -0.000284
-0.134611 0.259079 -0.000289
-0.217732 -0.242893 -0.000283
0.234322 0.232991 -0.000297
0.899744 -0.332772 -0.000776
0.524016 0.903738 -0.000776
-0.567166 0.834033 -0.000776
0.961280 0.328947 -0.000776
0.292823 0.167232 -0.000297
0.208970 -0.199306 -0.000293
0.300239 -0.101138 -0.000284
-0.312702 0.001041 -0.000289
0.018698 -0.313188 -0.000284
-0.935397 0.360274 -0.000776
0.606062 -0.816865 -0.000776
0.170808 -0.306096 -0.000284
-0.217100 -0.155548 -0.000284
0.106539 -0.259213 -0.000284
-0.270405 -0.053103 -0.000290
-0.921187 0.335989 -0.000776
-0.140837 0.297809 -0.000289
-0.219437 0.149742 -0.000291
0.234680 -0.966966 -0.000776
0.750693 -0.728489 -0.000776
0.157676 -0.272605 -0.000284
0.390107 -0.896236 -0.000776
-0.007940 0.331951 -0.000289
-0.307936 0.126090 -0.000289
0.312319 0.019059 -0.000297
-0.892040 -0.504566 -0.000776
-0.102027 0.300583 -0.000289
0.916746 -0.405884 -0.000776
-0.569316 0.820533 -0.000776
-0.167490 -0.213639 -0.000284
0.267180 -0.018946 -0.000594
0.170196 0.268461 -0.000297
-0.987410 0.235507 -0.000776
0.004296 0.234679 -0.000289
0.109961 0.254569 0.005998
0.253613 -0.223818 -0.000284
-0.265682 -0.094261 -0.000284
-0.574095 -0.796055 -0.000776
-0.892646 -0.459009 -0.000776
-0.628889 -0.800570 -0.000776
-0.791618 -0.609203 -0.000776
0.796293 -0.628915 -0.000776
0.203278 -0.190322 -0.000284
-0.286420 -0.135356 -0.000273
-0.189455 0.207213 -0.000291
-0.154851 0.289854 -0.000289
-0.075589 0.329299 -0.000289
-1.015629 0.251802 -0.000776
-0.239528 0.135409 -0.000289
0.285447 -0.967924 -0.000776
-0.251700 0.986825 -0.000776
0.898298 -0.409522 -0.000776
-0.137892 -0.973425 -0.000776
-0.207848 -1.010240 -0.000776
0.491351 -0.861643 -0.000776
1.013233 -0.300162 -0.000776
0.157146 0.226399 -0.000291
-0.158489 0.251290 -0.001989
0.236685 0.059170 -0.000297
-0.245833 -0.206209 -0.000284
-0.896665 0.254022 -0.000776
-0.820785 -0.468805 -0.000776
0.623434 0.797888 -0.000776
0.555459 0.830830 -0.000776
0.213554 0.170240 -0.000289
0.008217 -1.006293 -0.000776
0.215335 0.243813 -0.000295
0.611428 -0.752442 -0.000776
0.939207 -0.344807 -0.000776
-0.161923 -0.290073 -0.000284
-0.127287 0.281232 -0.000289
0.050844 0.312880 -0.000289
0.067731 0.284930 -0.000293
-0.668011 -0.684672 -0.000776
-0.248452 -0.119644 -0.000284
-0.769257 -0.681737 -0.000776
0.520292 0.868357 -0.000776
0.790848 0.611191 -0.000776
0.329718 0.071810 -0.000297
-0.247994 -0.182035 -0.000283
-0.710719 -0.679459 -0.000776
-0.149343 -0.276295 -0.000284
-0.224838 -0.126433 -0.000284
-0.457765 0.870973 -0.000776
-1.000417 0.108508 -0.000776
-1.036410 0.009273 -0.000776
0.219947 -0.177748 -0.000281
-0.257384 0.104931 -0.000289
-0.030142 -0.281748 -0.000284
0.876029 0.614334 -0.000776
0.398714 -0.943854 -0.000776
-0.917468 0.443387 -0.000776
0.219486 0.182622 -0.000289
0.982754 0.299020 -0.000776
0.644111 -0.857289 -0.000776
0.036536 -0.308202 -0.000284
0.949303 -0.205139 -0.000776
-0.215076 -1.002479 -0.000776
-0.229825 0.143296 -0.000291
-0.239277 -0.160638 -0.000284
0.278922 -0.100598 -0.000284
-0.198383 0.223167 -0.000291
0.244783 -0.164491 -0.000283
-0.187227 -0.231314 -0.000284
-0.219735 0.261657 -0.000289
0.145026 -0.963387 -0.000776
0.721734 -0.629974 -0.000776
-0.870045 -0.351920 -0.000776
0.271854 -0.096512 -0.000284
-0.189068 0.250508 -0.000289
0.874628 0.427154 -0.000776
-0.984375 -0.070923 -0.000776
-0.974716 -0.051833 -0.000776
-0.575199 0.876316 -0.000776
0.192572 0.948087 -0.000776
-0.064541 0.303603 -0.000115
0.624041 0.785385 -0.000776
-0.066643 0.293939 -0.000289
0.259820 0.051784 -0.000297
0.171097 0.157644 -0.000289
0.319071 -0.941194 -0.000776
-1.034967 -0.066608 -0.000776
0.142882 -0.280911 -0.000284
-0.232173 -0.117736 -0.000284
0.443080 0.827864 -0.000776
0.354698 -0.909974 -0.000776
0.482456 0.860875 -0.000776
-0.182343 0.195307 -0.000291
-0.266175 0.185849 -0.000289
-0.027611 -0.281520 -0.000284
-0.261148 0.233593 -0.000289
0.189875 -0.245084 -0.000284
0.662905 0.692921 -0.000776
0.347042 0.884479 -0.000776
0.696799 0.764514 -0.000776
-0.262567 0.108386 -0.000289
0.185373 -0.248490 -0.000284
-0.064838 0.317848 -0.000289
0.792623 -0.625679 -0.000776
0.311432 0.977440 -0.000776
-0.204366 0.960330 -0.000776
0.280846 -0.038968 -0.000289
0.955472 0.242381 -0.000776
0.158719 -1.006836 -0.000776
0.113592 1.053302 -0.000776
-0.624102 -0.785924 -0.000776
0.950326 0.184778 -0.000776
0.187368 0.281874 -0.000298
0.293222 -0.118788 -0.000284
0.241320 0.069572 -0.000297
0.668564 -0.754466 -0.000776
-0.526061 0.861714 -0.000776
0.288591 0.151447 -0.000297
-0.264859 0.085840 -0.000289
0.289443 0.938951 -0.000776
-0.879065 0.449651 -0.000776
-0.043582 -0.287200 -0.000284
-0.212830 0.093746 -0.000291
0.256675 -0.058456 -0.000284
0.732546 -0.709108 -0.000776
-0.098241 -1.082338 -0.000776
0.803348 -0.504284 -0.000776
-0.211017 0.956710 -0.000776
0.829398 0.431957 -0.000776
-0.241596 0.178322 -0.000289
0.364651 -0.943624 -0.000776
-0.936348 -0.256428 -0.000776
-0.255980 -0.184587 -0.000283
-0.279409 -0.170311 -0.000284
0.911383 -0.384545 -0.000776
0.174260 -0.254916 -0.000284
0.126026 -0.268334 -0.000287
0.163396 -0.281233 -0.000284
0.466664 -0.949901 -0.000776
-0.520227 -0.857228 -0.000776
0.042452 0.284671 -0.000289
-0.244740 -0.122691 -0.000284
0.116090 -0.279799 -0.000284
0.292391 -0.102139 -0.000284
-0.734079 -0.740432 -0.000776
-0.136357 -0.275343 -0.000284
-0.159653 -0.250075 -0.000284
-0.304019 0.125494 -0.000289
-0.065206 -0.342960 -0.000284
0.162213 0.271721 -0.000297
0.240812 0.975538 -0.000776
-0.184412 -0.262766 -0.000284
0.338728 0.055648 -0.000297
0.188531 -0.279516 -0.000284
0.221676 -0.222743 -0.000284
-0.141001 -1.017740 -0.000776
0.328533 -0.054712 -0.000297
-0.305743 -0.916758 -0.000776
0.299796 0.107631 -0.000297
0.290622 -0.159377 -0.000284
0.021914 -0.297582 -0.000291
0.160538 0.997401 -0.000776
0.297334 0.016009 -0.000297
1.002447 -0.091311 -0.000776
0.921477 0.405448 -0.000776
0.973848 0.173796 -0.000776
-0.264755 0.133560 -0.000289
0.183740 0.963320 -0.000776
0.376046 -0.893482 -0.000776
-0.111426 -0.959648 -0.000776
0.122598 0.325024 -0.000297
-0.257042 0.220724 -0.000289
0.759966 0.618693 -0.000776
0.523915 0.895640 -0.000776
0.252092 -0.118050 -0.008445
0.268824 0.931810 -0.000776
-0.293865 0.055125 0.000761
-0.252634 -0.149849 -0.000284
-0.152451 0.956091 -0.000776
0.999082 0.244102 -0.000776
-0.873029 -0.462177 -0.000776
0.030391 -0.275815 -0.000284
-0.121124 -0.285430 -0.000284
-0.982045 -0.164006 -0.000776
-0.271296 0.947343 -0.000776
-1.005287 0.158326 -0.000776
-0.204777 0.285759 -0.000289
0.736389 0.729039 -0.000776
0.270122 -0.024246 -0.000594
-0.346439 -0.093779 -0.000289
-0.012503 0.287358 0.000027
0.952726 -0.433874 -0.000776
-0.473104 -0.871447 -0.000776
-0.219170 -0.236557 -0.000283
-0.313134 0.100034 -0.000289
0.228885 0.240068 -0.000297
0.784836 -0.607301 -0.000776
0.948776 -0.267422 -0.000776
-0.292515 -0.002206 -0.000290
1.001081 0.122124 -0.000776
0.202871 0.215715 -0.000291
0.605743 0.764662 -0.000776
0.875374 -0.397496 -0.000776
0.130470 0.270197 -0.000297
-0.304217 -0.094922 -0.000287
-0.321426 -0.957257 -0.000776
0.544161 -0.839072 -0.000776
-0.175000 -0.203131 -0.000284
0.746413 -0.618073 -0.000776
-0.274530 0.035877 -0.000290
-0.783890 -0.574601 -0.000776
0.300869 0.032393 -0.000297
0.634142 0.760178 -0.000776
-0.062108 -0.981972 -0.000776
-0.073270 0.249114 -0.000289
0.329015 -0.021727 -0.000297
-0.416973 0.874394 -0.000776
0.454546 0.961795 -0.000776
-0.089189 0.289490 -0.000289
-0.922352 0.317408 -0.000776
-0.266121 0.148340 -0.000289
-0.806057 -0.661279 -0.000776
0.267703 0.120077 -0.000305
-0.202289 0.194421 -0.000291
-0.250316 0.943156 -0.000776
-0.093541 0.247301 -0.000289
0.015912 0.317039 -0.000289
0.814082 0.521064 -0.000776
-0.347801 -0.055738 -0.000289
0.227350 -0.247992 -0.000284
-0.633584 -0.753965 -0.000776
-0.089359 0.275907 -0.000289
-0.215445 0.950497 -0.000776
-0.264729 -0.192213 -0.000284
-0.994214 0.040094 -0.000776
-0.955277 0.334141 -0.000776
0.099726 0.294375 -0.000297
-0.242075 0.136106 -0.000289
0.212098 -0.204101 -0.000285
0.162226 0.297519 -0.000297
-0.128711 1.015698 -0.000776
0.290262 -0.942472 -0.000776
0.168182 0.231103 -0.000291
0.107582 0.337410 -0.000297
0.952121 0.195030 -0.000776
0.250947 0.158993 -0.000217
-0.414030 0.930098 -0.000776
0.092211 -1.050268 -0.000776
1.024669 0.118124 -0.000776
0.709521 -0.707830 -0.000776
0.286830 0.120266 -0.000299
0.871002 0.510500 -0.000776
0.152495 -0.946235 -0.000776
0.301396 0.190156 -0.000297
0.273076 -0.080955 -0.000284
0.301308 0.144663 -0.000297
0.316030 0.179565 -0.000297
0.158531 -1.005578 -0.000776
-0.325765 0.114626 -0.000289
-0.946709 -0.438006 -0.000776
0.257768 1.005457 -0.000776
0.112109 0.302049 -0.000297
-0.048154 -0.999549 -0.000776
-0.862331 -0.570952 -0.000776
0.779788 0.686488 -0.000776
-0.083273 -1.003180 -0.000776
0.874532 -0.399394 -0.000776
-0.195424 -0.141318 -0.000284
0.864611 0.581863 -0.000776
-0.716013 0.713996 -0.000776
0.677868 0.714224 -0.000776
-0.098465 -0.265142 -0.000284
0.991067 0.095955 -0.000776
-0.304776 0.218643 -0.000289
0.263422 -0.179725 -0.000284
-0.984891 -0.346681 -0.000776
-0.715509 0.718036 -0.000776
-0.298864 -0.089040 -0.000290
-0.783555 0.692847 -0.000776
0.310516 0.969436 -0.000776
0.901118 -0.465097 -0.000776
-0.625436 0.765289 -0.000776
0.999418 -0.181204 -0.000776
-0.303379 -0.123503 -0.000289
-0.208565 -0.163854 -0.000284
-0.773499 0.660236 -0.000776
0.411446 -0.959438 -0.000776
-0.143825 0.214973 -0.000291
-0.059046 -0.286758 -0.000284
-0.015377 0.977534 -0.000776
-0.237150 -0.228349 -0.000284
0.066759 0.262544 -0.000284
0.231432 0.218694 -0.000297
-0.270760 0.041783 -0.000290
-0.091882 -0.247874 -0.000284
0.466251 0.872115 -0.000776
-0.176866 -0.174751 -0.000284
-0.114573 0.272809 -0.000289
-0.899568 -0.353584 -0.000776
0.208198 -0.216658 -0.000285
-0.705018 0.735670 -0.000776
0.841676 -0.541623 -0.000776
-0.191136 -0.972856 -0.000776
0.301668 -0.994799 -0.000776
0.990879 -0.297806 -0.000776
-0.011936 0.295545 -0.000272
-0.161509 -0.293618 -0.000284
0.145379 0.242218 -0.003944
0.244277 -0.243415 -0.000284
0.080488 0.269436 -0.000289
0.712872 -0.777799 -0.000776
0.997022 -0.139117 -0.000776
0.210856 0.253431 -0.000298
0.335979 -0.124834 -0.000284
0.254093 0.113263 -0.000289
0.982245 -0.287689 -0.000776
0.178682 -0.951713 -0.000776
-0.457029 0.931587 -0.000776
0.308249 0.927406 -0.000776
0.843193 0.488404 -0.000776
-0.660823 -0.713524 -0.000776
0.857688 -0.565003 -0.000776
-0.250918 -0.177549 -0.000283
-0.719025 -0.653786 -0.000776
-0.803588 0.589403 -0.000776
0.804959 0.538750 -0.000776
0.260543 0.180235 -0.000297
-0.954358 0.419521 -0.000776
0.159877 -0.981875 -0.000776
0.215797 0.213711 -0.000297
0.231221 -0.183967 -0.000284
-0.297601 0.977590 -0.000776
0.927725 0.321845 -0.000776
-0.208998 0.246849 -0.000289
-0.019353 1.013763 -0.000776
0.727101 -0.657288 -0.000776
0.296658 -0.064062 -0.000297
-0.247952 0.070080 -0.000291
0.306858 0.078891 -0.000297
-0.174512 -0.184578 -0.000284
-0.763686 0.688334 -0.000776
-0.468373 0.879502 -0.000776
-0.093746 0.980870 -0.000776
0.030820 -0.953550 -0.000776
-0.287472 -0.059886 -0.000290
-0.267339 -0.045116 -0.000290
0.196238 -0.096531 -0.000284
0.250309 0.155398 -0.000217
0.300083 -0.159597 -0.000284
0.646910 0.694213 -0.000776
0.318008 -0.997573 -0.000776
1.004252 0.192790 -0.000776
0.089021 0.295861 -0.000295
0.697947 -0.684810 -0.000776
-0.297040 0.055189 0.000761
-0.994097 -0.012776 -0.000776
-0.435257 -0.889370 -0.000776
0.596262 0.861138 -0.000776
0.003885 0.988487 -0.000776
-0.234761 -0.994650 -0.000776
-0.992421 -0.248964 -0.000776
-0.975731 -0.254619 -0.000776
-0.656066 -0.804354 -0.000776
-0.290947 -0.891111 -0.000776
-0.066039 0.306731 -0.000115
-0.061831 0.292783 -0.000289
-0.850280 0.486545 -0.000776
0.883927 -0.526494 -0.000776
0.151839 0.282055 -0.000297
-0.581608 -0.867144 -0.000776
0.331867 -0.914092 -0.000776
0.305686 -0.094003 -0.000284
0.126994 0.288292 -0.000297
0.777586 0.601277 -0.000776
0.614560 -0.782734 -0.000776
-0.956386 0.305355 -0.000776
-0.327294 0.129285 -0.000289
0.213120 -0.170401 -0.000284
-0.039751 -0.246946 -0.000284
-0.023214 -0.994602 -0.000776
0.964258 -0.168386 -0.000776
0.710285 0.641987 -0.000776
0.336199 -0.127344 -0.000284
0.201308 -1.044202 -0.000776
0.972642 0.436597 -0.000776
0.589452 -0.789891 -0.000776
-0.990300 -0.217643 -0.000776
-0.099048 -0.306401 -0.000284
0.536567 -0.815735 -0.000776
-0.191061 -0.182920 -0.000284
0.466462 0.900569 -0.000776
0.863569 0.497694 -0.000776
-0.995204 -0.331854 -0.000776
-0.347393 0.005895 -0.000289
-0.204247 -0.929938 -0.000776
-0.399811 0.920733 -0.000776
-0.228274 0.126499 -0.000291
-0.805029 -0.652884 -0.000776
-0.333402 -0.009542 -0.000289
0.268267 0.144033 -0.000297
-0.794140 -0.577196 -0.000776
0.196992 -0.296953 -0.000284
-0.008070 -0.368493 -0.000284
-0.173290 1.020179 -0.000776
-0.000095 -0.280193 -0.000284
0.292088 0.068881 -0.000297
-0.267870 0.259177 -0.000289
-0.021256 -0.337338 -0.000284
0.022682 -0.980674 -0.000776
0.505762 -0.869238 -0.000776
0.106614 0.276122 -0.000297
-0.197225 -0.224252 -0.000284
-0.913894 -0.400983 -0.000776
-0.379223 -0.856414 -0.000776
