1.8317283373128745 -0.0006307917940417684
-0.06936811122650986 1.017883835773091
0.2966868231096615 -0.22458112051093623
-0.4966805425299735 0.9093548006530697
-0.007274182365827109 1.0123254083269788
0.2628857032240582 -0.1751730653205027
0.3217752434029658 -0.2433623836232538
0.13772436893342369 0.008446982661410354
1.878692777116246 0.05265733547752601
0.048581390435301394 0.11908776866131551
0.4594770377643316 0.8662449973215727
0.5141741658557835 -0.38201114217175375
0.5081430657593994 -0.32548683515290233
1.0177444372307725 0.24581649609398037
-0.025767246999701544 1.0401037414881946
0.21842057845168766 -0.09605154179859815
0.818554682367547 0.6085158249187385
0.10869531415032961 0.03229302213802008
0.7681501597216447 -0.4654705247887175
-1.025968091234001 0.026294007879421197
0.07911592505416662 0.11636652418148506
0.8196410918792046 -0.4705146782665395
1.2543431007127863 -0.42308171118217724
0.042699116825512626 0.2406400296167071
0.2246595706123953 -0.15372630231650322
-0.9005906910411502 0.6034947489300975
1.7625871301096314 -0.12853463583197816
1.9328490269347216 0.22486447911897184
0.06707771785431306 0.13875446343810574
0.3031274156652848 0.9609486346947347
-0.35561922338395086 0.9367328733194986
-0.9027853099254739 0.4031167619792899
-0.033003172869873906 1.045625910719968
0.9122469924945069 0.31501556186390517
1.0268714132133687 -0.4687799703166251
-0.7426511985487533 0.643569203106338
1.0190832785549753 0.2997305172533054
0.5876359908475265 0.8119357159053845
0.04751917510970517 0.1702052172566863
-0.6048025448686644 0.7642681401224939
1.6794354738808093 -0.29710161968225235
1.9751806677291839 0.14683244315984476
-0.8275503275948511 0.5459362751027977
1.0410591030843726 0.05143613130361424
-0.9241685342861413 0.43238643702308194
1.7467090690354488 -0.17086097368956676
-0.9133905372424613 0.25948630898445035
-0.9834272507221833 0.20331911036971337
0.9443055919205102 0.24143742357098275
0.3227349181183281 -0.2382967405588857
1.9832242009359469 0.33764487046145975
1.3780399026672925 -0.451849799434297
0.15307526181807318 1.008452695534521
0.7426184818267856 -0.4683648433545471
-1.037320151288079 0.2321842059459988
0.43807166158420763 -0.3049314116725941
1.3122819569912543 -0.4106801118079005
0.3928751225769966 0.9407519665886208
-0.8969743717906296 0.4347919354480997
1.903263594864453 0.001046509775296623
1.962892959782309 0.43915158789630104
0.8225013684845529 0.5512918756535267
-0.5009481793972058 0.8824588322445744
1.8861515446601975 -0.019597562419185158
-0.028193590433541686 1.0008394120997453
1.340719847145988 -0.36063585620984123
0.5429639998110213 0.8382842426346747
0.002346926921686059 0.5111773949188769
0.9915087830618433 0.0045524840006568226
0.6471176473188243 0.7457260969333696
0.09714471057773347 -0.0683892551040761
-0.8899701128096241 0.524971060912197
-0.34195662007570926 0.938288606762727
1.5076025067713137 -0.39312004456141103
1.7887556658521242 -0.16443455603327217
0.07026391269535967 0.18704538243439334
1.9216222604751556 -0.06009846944464234
0.8776698971364097 -0.4477522721460797
-0.823164240899989 0.657106120656676
0.00852386009390723 0.22960175322398363
0.6557597408996083 -0.4510170670424385
-0.01788867753569092 0.33914143170207456
0.8683494331110162 0.4661065992023104
1.6003065116966442 -0.31966992272825356
0.16896459105492262 -0.029574562772910505
1.0129311447948888 0.12752827518773596
-0.9854610625686856 0.2226338921344796
0.5765118469760354 -0.4058410205729571
1.9561829000337347 0.22513853984592389
0.9329763498612642 0.39994378504995226
1.651363192482347 -0.2434111665538328
0.8209596652668856 0.6336299522764851
1.9630439764506693 0.4628765393308611
0.6953534566018976 0.6461263480498985
-0.8837688966716736 0.5484627515659266
1.9783008057479323 0.35243308727271816
0.21986694081114933 -0.09379467654273552
0.0695791168220342 1.085979717028234
0.9329814460686642 -0.49150416227406907
1.708413498420486 -0.16611296690521457
-0.6426855681044928 0.708377040195047
-0.01580850148372416 0.40065430693645837
0.4543709910301367 0.9074261135061957
1.0216820937926403 -0.45893488962605167
-0.2217326221899392 0.9957258537213968
0.5487508283161099 -0.3638567065455457
0.6861365791126628 0.7054748618073845
0.9344279214352041 0.3692642980888487
0.07009757007572343 1.0110403610113612
0.8438829291447307 -0.5167131756467729
1.7981104863343473 -0.15412843819204433
0.9498016447690046 0.19888547726052846
0.28751519832845224 -0.11677669623420026
-0.5415089793901562 0.8163466999771191
-0.7808784102350858 0.4765296985562277
0.8868144589469916 0.49544323934113227
1.67099561515019 -0.2682641992995668
0.06250290667127348 0.02491693807920254
-0.9857082753662932 0.11352936838604158
1.425063971206462 -0.38153657718962697
0.853113930755844 0.5207194800589061
0.3982357842774449 -0.3599416729717125
1.6098579416972718 -0.33576831948842767
0.026343277248816847 0.9738791668494217
0.29826151965725906 0.9417346662885449
0.7609539508938463 0.6763866712938427
0.8226958693400385 0.5739441165004743
0.7716396454677373 0.5862977095313404
0.07970679688601894 1.0453357570895538
0.2523387269791609 0.9722657192008964
1.1121687580383104 -0.4662235778141421
0.8770532696955804 -0.47248961923693233
1.1424827158648274 -0.5089743677935992
-0.9255562171589039 0.323165762984191
-0.8988462545386096 0.3958352232112698
0.8133820372104505 -0.46855563792581467
-0.734640312627071 0.7207139010458159
-0.9179691997233588 0.3431002817426114
1.414822581425052 -0.3777922998768357
-0.9370985820471113 0.34663499240132667
1.0527050063348373 -0.4646055055828664
1.9830950899285162 0.1767683079387951
0.06735582158870974 0.10601106185247709
1.8982567587578514 0.12261245766710237
1.9311185321687228 0.17143527530004146
-0.35815846193802475 0.9622288537984902
-0.9637139201309743 0.13249801348185616
1.9346575899555425 0.22592161934034422
0.32602475156341737 0.9291019426081
-0.37645064324355576 0.9699568310228059
0.9942909917100461 0.20552840647857154
-0.10136422178101351 0.9938551258874772
0.6412129623619627 -0.4271791775487486
-0.4452944164701027 0.9041773516132262
1.5698769234038474 -0.3319107380902049
1.3357696213635943 -0.45283973330034766
1.6496197172117997 -0.23175756653678994
0.27178840279881694 0.9293872037964154
0.7574026821678368 0.6648074652593041
-0.5330789723877895 0.8796447660825036
-0.5806165228272151 0.840098323535012
1.1975382995661064 -0.46901623269372406
0.7835771970417629 0.5742849259606582
2.0023407733482546 0.3668072105816286
1.0602224212205038 -0.49062472711165395
0.17418369002632006 -0.10106462477182723
-0.8772056507702997 0.3687274347532566
0.39855672215208193 -0.2739611535293711
1.9948846233328323 0.41291496088674795
2.0065873274532806 0.42142838919052394
0.5316381883205455 0.8591142740017025
-0.48984870679011216 0.8384115688259758
2.009858556677562 0.352516272513092
0.5038559882744024 -0.364602682855505
0.9662343987976192 -0.47744377360351226
-0.9237598082660848 0.3117471579683775
0.7050909030973492 0.7301872545594016
0.982865653132959 0.16932855681867298
0.9535978148302197 -0.49476633349140775
0.6314480928405509 0.8277448839819685
-0.9520850439376705 0.034607053488188204
-0.4299643748119021 0.9089375072945111
1.5452302997642813 -0.3740248828592129
0.37227174818944564 0.9275723828970257
1.3663642580407651 -0.4518184206636455
-0.9828581931876664 0.27001216411582757
-0.8647021720604967 0.5611826467267867
0.021943270842244362 0.26119777180095005
-0.28224864651618364 0.9793150603714382
-0.729958467523684 0.7130041723474979
-0.2007656402706445 0.8914026443508002
0.6108672038649917 0.7593108212535611
0.6930532231415778 0.7500757255131909
0.7988243575011764 0.6153209109782789
-0.9830042080221688 -0.029317825152319763
-1.0193350414099274 0.038186847681779046
0.019698934010569578 0.38758159897086164
0.52069821671112 -0.33413064443270657
1.9812997803901504 0.2979599139857129
0.8740754242487169 -0.492761557141935
0.11329716729748374 0.04961708553629145
0.9320865238793173 0.3713486699385706
0.9790167453843991 0.25143244181002367
-0.34474618019458664 0.9453909537554945
1.9285632447516088 0.31714639848847703
-0.2142571207568078 1.023711170760428
0.047532450182461446 0.16670436392131485
0.6450764010821409 -0.43362786741303316
-0.8682246915217061 0.5254380818907797
-0.5069946779510452 0.8081891963302741
0.7192901143249208 0.7269581565836217
-0.278442999083955 1.0008334053008898
0.11750729375104427 0.06753487404480409
0.9119054760713228 0.4721594533422837
0.6982492753993874 0.6807861013953955
-0.9471928695655856 0.4054987975372733
-0.9603842335408884 0.22415803049887537
1.0063618316289067 0.3727342078684307
1.1178323520828937 -0.5281223762265382
0.9878186006590434 -0.4862604762449531
0.8568925176000637 -0.5245920165256079
1.3420901101541471 -0.4133783756987099
0.5218451820145711 -0.36501020097368764
0.2539949775294809 -0.1892830074413163
0.2728217455292572 0.9700357897090671
0.5291056612881229 0.8226162507584354
1.0290433359598192 0.015602434688911183
0.2356636735177732 -0.1333536602415175
0.9127463579460177 0.442457859922162
1.0121980182213246 0.15539442944742823
0.01636800557290014 1.0334873810784848
0.013328396363840566 0.4708172085252157
1.4820323493222893 -0.3789514574957859
-0.7357315949600306 0.7422269954682111
0.01870349248745684 0.24418182422468537
0.07646776823144423 0.05967132170146429
0.6614467483864335 -0.418088607615769
1.6364844803245984 -0.25176118887364163
0.4423722691481778 -0.3278114538343494
0.341281179258604 0.8890304103367976
-0.9258656822492642 0.41105917650024143
0.8308193849019531 -0.4566051691259421
1.899222684430374 0.00816811952797198
0.9267265150489957 -0.4929986804964703
0.537913019373346 -0.3544241623457319
-0.2094757461182044 0.9880512549652904
-0.5124095408088596 0.8508796544270841
-0.022915456856929486 0.41088552425416336
1.5272243321374692 -0.400198229045102
0.14219500789807993 -0.06144609270407618
0.9483832060689448 0.3437790552612255
-0.008799846055859427 0.5088439949972573
-0.2149150781680314 0.9757548595961666
0.38933768475654035 -0.25204743745311453
1.7733821003621058 -0.1228733196079658
-0.16240618500736936 0.9430814821067712
1.8937037962749412 -0.028837445774584747
-0.012920459491007223 0.24732822257447562
0.4210159841691074 -0.33457391955410176
-0.02211185058541838 0.49511330596513886
1.331779720140929 -0.4607695069698393
1.0108704583933914 0.19382207658402553
1.7511615037742359 -0.19297930786491063
0.8863342104471904 -0.4297648375612497
1.3017462044716996 -0.4688254863941723
0.8452958603351525 0.4856659905322085
-0.6943389221179399 0.7350889227637645
0.4654876550976007 0.9252370778473784
0.8015157618211561 0.5714099154027755
0.21335274570235047 -0.09156249225726251
0.26261942571594243 -0.20261354432809828
1.2894038411335524 -0.46643690564078333
1.7751165788637377 -0.00818926359520418
-1.0156273544678855 0.10745535436666812
1.3598028750573772 -0.42424837428253415
-0.713378777712036 0.764752676383417
-0.0033539979662358665 0.23898077698872175
1.4932275383212308 -0.34149475495904535
0.14460051727052248 0.9519223252792677
1.830367310456528 -0.03666974649742615
-0.024506506477244415 0.5126864778197537
-0.23734741664330136 0.9703490420142421
0.006071626520399087 0.2782187051620385
1.7702362746856743 -0.18260354223432235
-0.4918646340297005 0.8856853159699237
0.8763344523993105 0.4895189271387072
1.93110284534378 0.1760472490838921
-0.3431744687060305 0.9219374549944697
0.505641539217913 0.8039676426065429
0.8190243594971154 0.5016981877986508
0.7822487438265228 -0.4819507425169082
0.14661092649775165 0.022352520562074166
-0.16906607651828595 0.9829223403240889
1.5418746848033504 -0.3462953904322378
0.45957793745115494 0.8606430000945005
1.0053689600777218 -0.4972289145442221
0.055131002881825465 0.24329788631530117
1.4568916484029089 -0.4005989879716232
-0.1250074395930184 0.9776362089768338
0.556452162838403 -0.4139477026116133
-0.4454163524554078 0.8692893777431
0.33332526389841627 0.9029897061993659
-0.9558945089159943 0.396697042928449
0.3287126110465788 -0.20435793296905147
0.023053084982515966 0.3032987871854355
-0.1277715040870214 1.014284748695988
1.3704600266943803 -0.44171759115959236
-0.8960267037262427 0.3679084420785588
1.535252869040406 -0.3209369677349809
1.4279471597250062 -0.38360256146084737
1.5497563050985248 -0.37152824081426405
0.1403416009977965 -0.04908060860773589
0.5106874069924454 0.8623713884270939
-0.24087635756900527 0.9175538346235498
-0.34328797654963616 0.8974743793440119
0.25672180718989923 -0.18225113474440918
0.7197990745428626 0.7030714433041736
-0.5320762029240113 0.7862348494691084
0.16212917607661403 -0.09145526031215179
0.7640370271294553 -0.48420512093140367
1.1647076447916975 -0.4902966860944016
-0.02578635086999637 0.48440315338479484
-0.01275005967083603 0.38981865664299964
0.041283727057166625 0.2023712318278514
-0.9564060182814116 0.18383584281521723
1.224911555715978 -0.49126246546451013
-0.8122319788732058 0.6430823143038287
1.9040807330751566 0.008706628683904816
0.2759805071127726 -0.15830799959672245
1.828674927091797 -0.0744100858525453
0.9106572513021443 0.35673066794105296
-0.8425345923210795 0.5045017020064727
0.19519808252785328 1.0239328162515304
0.27925587857512263 -0.21871893522661184
-0.3599255410195804 0.9573234675586301
-0.24077658288415296 0.9893424335643307
1.984944053255232 0.23015023841436433
-1.0153112125437964 0.20385433354060092
0.6294921874833677 -0.39900297954754343
1.9829982990169313 0.4372969150747301
1.0113736410745 0.08348087495123349
0.7335579803885399 0.6471124340036122
0.0001555079089491495 0.3719647720943477
0.9027133936768381 -0.4688231637170619
0.4091449843941908 -0.21527075975992258
1.7269963364321574 -0.19705207757237153
-0.006673563668571886 0.3334352363205089
1.9153627715592318 0.09869235935887503
0.6830649241025827 -0.4189957690317096
1.2875724894111114 -0.4600847524254883
-0.020968764553709718 1.0309496335521613
0.9977823881021214 0.0859226550090532
0.951943464065227 0.15566491791812295
-0.43994251265099205 0.8973729410033614
0.94237960961725 0.08658219014597132
1.4651981635112483 -0.4019006405543417
-0.8007216039455176 0.6285061081895331
1.9795419986150842 0.23826070482798223
0.3420155881912245 0.9634374632220971
0.7906515704818861 -0.4786747732559775
0.9383240141890878 0.2850278039138377
-0.8016900671388936 0.5951660020824742
0.4449472898444318 0.9044121870561088
1.8022758293395966 -0.1162105763989788
2.0443316953421116 0.46400782147777414
0.5825026903583823 -0.37174889817073176
0.07812797139826316 0.17530508555534052
1.0495111590788238 -0.5089128810130975
0.6234197966362091 -0.37113513336837844
0.9985056130471252 0.016995662673066354
1.7365592089149848 -0.19072811316717556
1.8961842371952897 0.10141898961901698
-0.01704705463544981 0.3577678885974183
-0.898138482242172 0.4835298557432322
0.04167070790756625 0.5251510036510838
1.8128475592597588 -0.07595483732530009
-0.597905332745459 0.8110211385182152
1.012161368046442 0.19217876805227027
-0.9976266759178292 0.0796323929616424
0.4211173669279903 0.8567988365122264
1.9936974034990929 0.33348979381599964
0.5617064053584611 0.8005319370115622
0.15334434181001402 0.9733132647193817
0.35688928817778953 -0.23416624426712723
0.5798128001870867 0.8245957963201743
1.4287698703722613 -0.3718977507716933
-0.816731733707759 0.6277356162511081
0.3802705079939282 0.968845735190546
0.37331548257868796 0.8921416041963508
0.7633305374998152 0.6258480624604479
1.2345244069623789 -0.4483573668179205
-0.017903209307121682 1.0449899147744346
-0.9634171750142886 0.14580753587519943
1.957713883812507 0.3084890241835264
-0.3435228642277762 0.8945571103586745
0.3385055589313059 -0.25735039006038185
0.861111887666078 0.4867408948848723
0.4378005882908009 -0.33020016708534455
0.7070149671944057 -0.4729615002018707
0.15105099321441898 -0.046343421994555434
0.059798200624003976 0.25606302483322574
0.22515543769617077 0.9477266640167332
-0.39639472183546093 0.8663683720664751
0.443597040537806 -0.3236060124443707
0.6153229202836141 -0.45284331069066863
1.0002668225310296 0.18600929266680802
-0.10723631548506851 0.9934687130975409
0.12466643981556802 0.9322330844505511
0.9770063076661668 0.11303785444968491
1.0010071551931217 0.34236334421992376
1.2422072406092826 -0.4854892416630044
0.17893721895760048 -0.0681356062854263
0.3490032275103636 -0.2778434019733361
-1.029766691436507 0.07384560102813302
1.9689653727814087 0.18364049905338634
1.8643137700566044 -0.02300706374118812
1.8773519263169052 -0.04022992188291669
1.200554882520379 -0.4464517333710435
0.12998189751003508 0.05306855215401368
-0.8152665676904658 0.6216712470209417
-0.3267080666231363 0.981862892774882
0.9158068372367536 0.3818722695992029
1.8457274816387317 -0.11361753059698587
0.33099170588076715 0.8965771139030126
-1.0250581009383273 0.08108822182040178
0.145006556897269 -7.173849128327102e-05
0.06282115201674944 0.9819970958526638
-0.5654861167978572 0.8262338510925494
-0.3193390840518192 0.9494038854843808
0.642974332654314 -0.45559541194050723
0.24463578624236818 0.9812213734736595
0.05451249083034472 0.9999042954571598
0.45558521060007334 -0.356399422239007
-0.5261756707210131 0.8389098262057566
1.107112683363517 -0.47516867338951646
1.5628505025610415 -0.3523108772920562
-0.44065698057952696 0.8844478607090086
0.7944543036690423 0.6025039924850447
-0.5889787888471315 0.7872959034894899
0.9514467557195765 0.4012574251540769
0.9102559526569808 0.4563990668970789
0.23305276575426756 0.9327018911785049
1.649867175553681 -0.19083543521921714
1.2985699690281558 -0.410980497041168
1.2744035402961518 -0.4250904676370794
1.071070040345862 -0.5230085055065096
0.3449875789423491 -0.30282267541630414
0.05833058143237877 0.9473350690417703
0.8844517401337718 0.45834208220768824
-0.8431553531855374 0.5190594786024544
0.03307603295863511 0.38314669656451766
1.9593224977284849 0.29117948075368605
0.6303445960142018 0.7252927778846446
0.9127242353491613 0.35191501212746723
1.745299112988738 -0.1621847417937402
1.8946420985981125 0.14771040644089767
-0.9839495338886642 0.4055100799129577
0.7921797868280435 -0.47635635379696784
0.20407932381716737 1.011381098551343
0.6766948966955845 0.7638081521367031
0.11685433570285488 1.0087135478860516
1.2406471847119098 -0.4439663659581169
-0.06266744276576351 0.9687344954361663
1.6071280666805359 -0.26167511744953015
1.0389435886878358 -0.5188994659258803
0.8682010939023469 0.5122938319750635
0.13339231020909487 0.1421024739278506
1.8491805749274735 0.053832622579342786
-0.9315405631440287 -0.012710795867429478
0.5477857978616978 0.8341113147829801
-0.042275179628763496 0.4732693741950465
0.09501719182891967 0.961244391913507
0.2453341341028925 -0.13795913708089913
-0.7033536537530793 0.7373686231613996
-0.9855892376371229 -0.049555927193123336
0.8946268449841419 0.5659102579233359
-0.7224219186183383 0.6778259616668326
2.003504066621861 0.3040129168840155
0.9708458661542279 -0.50065827405058
0.8251978034242147 -0.500878361451436
1.0926826451350722 -0.46483324401980275
0.8906560286734783 -0.5112519703004549
0.3331830025056338 0.8753408737080814
0.8926802594806322 0.5940842323147191
2.0109108196752645 0.5229850622600549
-0.8268092174327208 0.5746152677951251
0.7874652324061027 -0.45938381274185236
1.9132984395036483 0.0105230513071667
1.001885915186711 -0.5465272894426487
-0.553876472618319 0.7995795366746563
0.731642693065472 0.7263868680215774
0.327503834621118 0.9494073606149722
1.9762859866251687 0.5006065827790652
1.0790696887975688 -0.5006096890634807
0.07246152558657899 1.0173593903699025
0.1704754116672411 -0.10804023497916405
0.0935696996952626 0.14943355558051602
-0.6042970735065827 0.813317130940995
1.5194408879113448 -0.2620420584978965
0.483875788101521 -0.2914873456159701
1.5927835040243123 -0.31140286802452194
0.3154401527004101 -0.2545738203457471
0.08429419441763966 -0.03834772409829812
-0.42514088739586214 0.8978335692714415
-0.6437989742356355 0.7753024560682205
0.515982542600431 -0.33684587648540854
0.7778263100207249 -0.47081905482283437
0.5784238899273895 0.8801299683598369
0.5678713663346524 -0.3158362974359625
0.181172437332347 -0.05827672803410318
1.0574158726762675 -0.5580687357038743
1.9345888277361036 0.14575919736745105
1.784079745209732 -0.12143267168926898
0.8022111775036547 0.536069013341713
1.6976132690951993 -0.14981597598629232
1.8689893517289191 0.01980150183097232
0.7049303679517055 -0.4381903651933163
0.6850365960045312 0.7804814263099131
0.6801871928184808 -0.49404214694212545
-0.7125217645326374 0.7624630933849718
-0.0662087215888987 1.0000947321484561
-0.7572965533277815 0.6157704018242214
-0.0030309991583597415 0.23840848869714515
0.8608042627639914 -0.4642861319435321
2.021388790525599 0.40669025455095703
1.0538198101194238 -0.5013664350481075
1.4839587295324261 -0.41141407848409683
0.15676434432639036 -0.05040969368957524
1.0339690805455959 -0.5180132250432667
0.6435822404840442 0.7635863808997414
0.3608002805175136 0.947273151341037
-0.8754020708889443 0.43302300813812644
1.6457336897440147 -0.2761888052139739
1.410707511662206 -0.4382721999078688
1.7584733509553294 -0.1399864018323662
1.1479959937261957 -0.4796724102888645
0.5397303999454437 -0.41518355225259357
1.0004581119457872 0.08314665861113402
1.9767186294217651 0.5254748037591712
0.2567082982463212 0.9479719040054293
0.3437225134471779 -0.20651270220170914
0.9932816833445333 0.3434077057574235
0.04666877836492841 0.3727644938644538
0.21269099060955 0.9267486725505909
1.8517286934198043 0.136820066180747
1.2279015025745026 -0.4961961374272021
1.8908899413817912 0.038008223152821714
-0.19117606806521928 0.986544469405841
0.08925641295111361 0.03974072469234897
-0.9467300830521348 0.26690393678992425
1.0474822581505565 0.022150869242471526
1.6302188189211289 -0.27128978176706137
-0.6907902063753171 0.7185980624398128
1.9422969984083471 0.44154867913564594
1.6739640425881497 -0.23643415178048338
0.9338745036408677 0.44478801684010155
0.9452182038482436 0.21485778945627393
0.7892617578381041 0.605583734851324
0.06699310351969812 0.4183959489037161
2.030629176245189 0.4456783515800607
0.9926246052356094 0.2897916631304677
1.9893816297593523 0.3463072152991885
0.34378428169152053 -0.285415450778235
-0.7486867382899588 0.678088890647202
1.8145380404025186 -0.06128483276090287
0.3495152825621731 0.9245002673533079
0.5805212541818707 -0.4264103894528311
1.930524522695868 0.11120392998781523
0.7025803247334771 -0.47160609951634597
0.009784967446138132 0.36697892976309693
1.0099259907687606 0.21935132914673738
0.9292990110760374 0.45392046815363013
1.657466746261479 -0.22909314904458195
-0.7008992032950156 0.7475800502211779
-0.7782479187412059 0.622095023562297
0.525906259947485 0.8518147190776596
-0.9404230569689865 0.30900320334213527
2.0313884115871166 0.4647654357100951
1.8713326675680046 0.14633968801735045
1.9134621875393578 0.11726386843689073
-0.9813493351042601 0.033047839573196326
-0.0031171110553340356 1.0086637929640403
2.0197077954253824 0.22303232272827445
-0.12146340698699595 1.049675585407311
-0.9467819711954083 0.16152414658327696
1.1463868555128234 -0.5047357620903581
0.953142640255432 0.33856681144808287
-0.1634263204626846 0.9498364796417327
-0.39263223451349194 0.8988858449263877
0.9073222384152314 0.40393330231906144
0.988302809627615 0.036304277055371294
0.9480132989903295 0.2995063847122375
0.09323569210508924 1.0150289339959806
-0.2933924943132109 0.9043898938848909
0.5112918798953817 0.873163289742949
-0.6782065611761255 0.7667658204927257
0.061127593633239094 0.42771931665417123
-0.2945543096292901 0.9654502445730649
0.8317471301536002 0.4889599008005305
1.5807757740443844 -0.26055450412029874
1.2687336054354774 -0.45279713927645315
-0.9206073451958446 0.44543052922897064
-0.014804947382006862 0.2615489907596133
1.143072113904333 -0.40183565363521545
0.94851206070891 0.14868999237228075
0.28926235365274583 -0.18637736615751843
0.020352925934975633 0.3057922123376289
0.1663980001646963 1.0064973555920325
1.1293716757240913 -0.4988030584192584
0.005952951799647107 0.2848709762819734
1.5669956000602243 -0.2875285346632393
0.002178046792997672 0.3359895949911032
-0.02567843558039022 0.9426715170241263
1.8207639788474084 -0.09250217267849965
1.7231402356079577 -0.09342791208311924
-8.630723365156108e-05 0.41153097983867626
-0.9731902541284251 0.1905443767217814
-0.45103548388886405 0.8799278693211634
1.0017434338726476 0.07635156047261346
1.200088574257036 -0.4822069849793318
-0.7839844071397576 0.6278660307094543
1.5319123385974869 -0.3353208315149742
-0.00898614444541648 0.9562072912090807
1.939591768328712 0.12232679815438893
0.056984072771289626 1.0048912291817
1.6771312090106092 -0.3431695148697256
1.8826201661846704 0.007337081583128655
1.8545660365599754 -0.05453630915212807
1.8000692995655694 -0.15541822385380677
0.9607830888964874 0.23070982681722108
0.21237914828555782 -0.04354494318954245
-0.00844697819179692 0.3030779721092444
0.11187717274080698 0.06315810336008323
0.7655509799530129 0.6649407587066573
1.514519617831293 -0.38312419883191245
0.7895881845868212 -0.4186752171085803
0.4531374451427477 0.8854765782909766
-0.9192027641306741 0.3319984686542236
2.01345714048296 0.2863502763534701
0.2819808767763997 0.9792084421222694
-0.9563163586830102 0.1724172508912381
1.3897273368301193 -0.40038568530848934
-0.7079774548292763 0.7183914657081325
0.09175439793448087 0.9728772936878954
0.04162693625280646 0.10881617163669273
-0.44038176761622466 0.9267254015483498
1.9939698559953554 0.2514187487929612
1.842440555985067 0.06895741108248521
1.5515682753958084 -0.39569643356400713
0.5931207543185996 -0.4102252117223768
0.771401687782571 0.659014995173028
1.7817001845174982 -0.09525717101091298
0.4109557677017132 0.8695282868241683
0.9742514711198501 0.29359778380816987
0.4540627715114119 -0.3082617230490282
0.312745153250873 0.9520501099316142
0.5186571456409387 0.8700275539464117
-0.05270629542083312 1.0287482714585658
1.6815446219938972 -0.24946227994623607
0.7182052114970744 -0.4224146634292042
0.03779532254506224 0.2503717424510282
-0.9378279751103004 0.4087699192941849
-0.9518002042207528 0.27517985645572945
-0.07968067232580739 1.0012065326543524
0.5713065184777443 0.8463542851651564
1.620208798646035 -0.3065997082123407
0.6451688131707262 -0.4178213536696173
0.7754972237690498 0.589883390322957
0.0932195008232784 0.032546865904111814
1.0162505311637053 -0.48465997528161103
-1.0003246502138012 0.12082285403274642
0.4566086692368903 0.8456097974345846
2.0035689050088483 0.40975528587125076
1.3246528085532248 -0.37247432752150483
1.8438123773549866 -0.10243866227914263
0.1277910288109044 0.03386380773811594
0.11248222919785858 -0.011537197934777282
-0.8609891859567156 0.5912167373448424
2.0404455312634817 0.40969785357145494
1.2358823298668657 -0.4814177224556646
-0.547184527319214 0.8819750894842616
-0.4239020928586039 0.9365935458912971
1.7848602326895382 -0.12741611902590944
1.984154272320438 0.3707837758739164
1.9841141720394269 0.28955460294239377
0.2644972694730977 -0.06256775802976368
0.023478337266719138 0.4096328215367507
0.7746693857641077 0.6526213532883244
0.6297419950671964 -0.4509457685038589
1.7693256802618538 -0.17534159190827547
0.4445594338038468 -0.2264054265863112
1.42377773660266 -0.39150955424635414
1.212158387945986 -0.48390511595288876
0.7412125389704961 -0.46688363585573683
0.6543387345103342 0.7262590403145949
-0.6457865063171795 0.7444501433807221
0.37892127490571825 0.8911807828651555
0.06373322030702944 0.11270376558668306
1.3082073023138274 -0.45991055726932784
0.8687805367921928 0.5567517300561706
0.5326755335978739 -0.36736389274532905
-1.0292054283222942 0.09009546911497293
0.9964942707805605 0.17520907499045324
1.961963746897107 0.13066677779691868
-0.30021896148371735 0.9465671132618051
-0.235413221930239 0.883801550548992
0.8758734688824532 0.5828270648404601
-0.7891684145667522 0.7232989981812835
0.7178333309918011 -0.4376580064233089
1.0748269504882497 0.14786709401693238
0.7237905784683354 0.7030684045081027
0.0043728223056167925 0.4003193322500952
0.15422233281525813 -0.14657523797278593
0.6734445663577239 -0.4199713775715673
0.7826412661357081 0.6732608117827998
0.05003939118968758 0.9637583969148508
0.9731387198353209 -0.5069774309852114
0.03990915128613189 0.9832161592078181
0.7981408423798618 -0.4541601133900956
-0.16365520698786717 0.9834850664016048
-0.8370334003399199 0.5945411745863298
1.09675462439664 -0.44604839073271696
-0.9909947364194169 0.06293392106119418
0.9537471147036151 0.060440425547161294
0.06150724768749925 0.9670921287682244
0.9490890703148896 0.4026242315833085
1.0174315736229558 0.12743324333273257
-0.7266919265321133 0.6521442835220531
0.8904526070220414 0.5190858267187874
0.6587425937722515 0.7058989411049328
0.10472604882062325 1.024566402127436
-0.7340393002235572 0.6720233496553631
0.7939358596701711 -0.44656188252683543
1.8241081263334775 0.025535303856670154
0.312612379518873 -0.2651162277616774
1.605286014490914 -0.25581897085019295
0.44639893197290653 -0.3030015140082165
1.0179106755428167 0.13339313095343708
-0.8894420861202159 0.43875126119272595
0.5014642750931624 0.8764956193192479
-0.15425302552996017 0.9677492750614194
1.8262779344233775 -0.037960302333258186
-0.5531438875921754 0.8224177508779216
-0.4762038545619039 0.8282070007760677
0.9750878337306937 0.3242729830980271
0.2367085552489142 -0.18251590675229568
0.25148613287227767 0.9178145026464968
1.9665075924587965 0.2600630861101345
1.458563977095047 -0.39057342885262075
-0.27032526862699935 0.960313669134375
0.6362992036440727 0.7797029193999329
-0.8022289327118852 0.5778372572173637
0.9815612115223641 0.263232599563629
-0.4924564219162672 0.8598849733201344
0.8923295660913404 0.5068152853780858
0.5420447740910463 -0.3755930935485527
0.35958171637355796 -0.20913106524076655
1.9776901307522226 0.35621327396741115
0.8871895411889636 -0.44705370801853594
-0.6231490414901772 0.754402840424849
-0.008581930603255211 0.954700048056188
0.4172748149374104 -0.3127267045743144
-0.998660380555166 0.005238522577206595
0.7039444906016231 0.7352169881794858
0.8944346317095628 0.5313745776752725
0.45724635942939396 -0.31382316459423265
0.5798502908919494 -0.42127864056751896
-0.13130961284221374 0.9375166962518403
-0.8741323027339314 0.5129097945840835
0.22182489929136306 0.9755837519747772
1.593112062428762 -0.344975484406673
0.13919765715531415 0.10698494219837038
1.335497742496019 -0.42853291450553116
0.3317143497626328 0.9675300828154381
-0.4025443448890769 0.8310903055913008
-0.9524590863440752 0.4907651543831598
0.1728041398501802 -0.1088310748079837
0.19468471838908835 0.011707606777406544
0.05941253297435584 0.1361269321121596
-0.9423950514081804 0.09311986168068136
-0.972020671148823 0.3885959489491517
0.5396645285717883 -0.3970308381414615
0.3040723341005275 0.9937241097535301
-0.9275876862087479 0.3849979853892859
0.9410519756544719 -0.4822150249270444
-0.9847832383778339 0.10231164133375471
1.7740661810400604 -0.17815088527884565
1.9054718791906204 0.1518215998082971
-0.130377287745921 0.9758628728827919
-0.9587895759219089 0.25964258929417755
-0.7968135245825072 0.6494915326868824
0.4649817515437075 0.9476984712217918
-0.937508262640395 0.22882679965487573
-0.9937244522623524 0.2284292297695218
1.7746493150447695 -0.1613690683322286
1.7194939144526347 -0.16016308820718486
-0.23404004770688683 0.988056519757339
-0.7762426418839024 0.6744504077289545
0.24317001644121117 -0.17699356323192614
-0.6576030483053714 0.7619203777572288
2.03200386249308 0.4079365346128823
1.5634956907064699 -0.3477722338142513
0.4463689279957275 0.9147223814734807
1.9186107354263984 0.04941995892166478
0.761977773818382 0.6174019926994727
1.028814691125445 -0.47690153898162424
0.6835752522132011 0.7145108264574676
0.20300241854880136 0.9847673038412378
-0.9055347651845247 0.34019341530283553
-0.9600125259321828 0.32565603022042927
1.3274808294384617 -0.4610709683987709
1.0687928074793167 -0.5293039434762066
-0.49493431389987436 0.9239789108687697
-0.030264639302753256 0.9751995250808092
-0.918654648734586 0.4017272115326254
-0.8249213065272649 0.5528316556081818
-0.4828031543498868 0.8545500484789685
-0.6114950490923813 0.710559216687521
-0.20679370428668434 0.9704334524311955
-0.9124890428333383 0.4063207425914836
1.3873790778026405 -0.41902157044451377
0.3591094247122855 -0.22605629400739488
0.29773443740144684 -0.18994918901069266
0.9835581158311351 0.07160285013260151
0.9386316205306964 0.2944280850266793
1.883269324439876 0.011384037070124892
1.837977368861053 -0.005882998086701896
2.0463915853101993 0.35325328970335185
0.6485849805983447 0.7670422106904131
1.895656373298191 0.09782457781887852
0.07335523278864994 0.29525485911227956
0.3778179353328942 -0.23482399021315553
0.08662713419498379 0.055373677061799555
0.2937138364968602 0.9051862813845469
0.9723209138557718 0.090582587848393
-0.28125812380978654 0.9476868770657005
-1.0206443496287283 0.16153005958263106
0.5139891953267384 0.8263712711111253
1.3123930113559854 -0.4377034820699997
-0.2049001147143939 0.9666611644396439
1.9284171954872167 -0.01951978893389064
0.37532031702743796 0.9391880123108789
0.6693479599176996 -0.4484240201998666
0.07315769783346701 0.10851784196137934
0.36490933323775193 0.9103327189614692
0.9615302052096882 -0.5544787714324436
1.3127444020936367 -0.4634543345518432
0.5340613531882664 -0.3152458536824029
-0.8674443415530152 0.48264088392771615
0.044174320626712824 0.20267599034489117
-0.5924110361139329 0.8419784356797515
1.9075478552728047 0.17772648346280773
0.787207027664255 -0.5016834391958208
0.5710513594318992 0.8033796431744368
1.4048306458434683 -0.4353387091927192
-0.8844756717147243 0.5213050645372614
1.197443467286223 -0.4940174425936192
2.0102714194257176 0.45666064599970585
0.0688386661202318 0.3997348332076053
0.6678660446063135 -0.46799132475414373
-0.9554992322323207 0.3736242967504489
-0.9376991240003965 0.03750680335244056
0.5188919473598231 0.8229111460278911
0.1502107334763264 -0.04000639339134704
0.595170361261759 0.7927951730308915
0.5025770497946803 0.8841095141905511
0.23307572867430046 -0.13176747633884175
1.8832989266945281 0.19418424692711386
-0.012151891701673221 0.33382084208390744
0.03407274257490611 0.15278916738034581
-0.692234574801771 0.7380674851891965
-0.7704664774474657 0.7123709016217203
1.9921221338315447 0.21819053011372097
1.6478309917392617 -0.21187255292787557
0.11296152420711747 0.050133169052632966
0.5717479096508055 0.7812328329287358
0.5222072112649263 -0.4384728661443142
-1.0481458014528957 0.10946947357265358
-0.9910837075594812 0.22858791783733873
0.18736777462652288 1.0274767967907774
0.4439054105456478 0.8490788217747987
-0.16133465651578852 0.9557811365865021
0.9380798150732033 0.46340205637955106
-0.9884227997550102 0.12284980754242047
0.46328859760078367 -0.3946001856914687
1.4397720982426156 -0.32469986252402894
0.4286920365726225 -0.29266221706690826
-0.8310927945573598 0.5355052496959505
1.1138153330866178 -0.47585847216558114
0.9729479643344493 0.034287613091674995
0.47257283827332003 -0.3572291298265648
0.08083854772563973 0.9881261150216331
0.24412982178846482 0.9937801375702229
0.8186375120509489 0.5924743672031874
0.013908501860588666 0.9997056152036495
1.2305324123750272 -0.4958558929731918
0.8045819693162625 0.6464538884156215
0.6860160150441235 -0.4762391404161412
1.0674310629465864 -0.4728057450570757
1.0925313963791852 -0.4584047287402207
0.8000703961741031 0.6607163790616355
0.24730647788262947 0.9501353916744278
0.793503106650594 0.6326304101462605
0.0072004396979909215 0.3257323186577939
-0.3287666236226491 0.9108815667582498
1.9532840752455418 0.30753387204575794
1.0349553498429014 0.14009810638268191
-0.8993969450009541 0.4762514604604333
0.9146871347507091 -0.4943388480920163
-0.8184197291808283 0.6309454129382439
-0.747260648789027 0.6528492698032339
1.027485386675422 0.047772907002246436
1.5125134616237141 -0.33353717754995404
0.5541700724663388 0.8433280417916804
-0.5080019676308 0.7865323678072251
0.4156283455693696 -0.30438627507369054
1.9463919662898506 0.23167843453651907
0.9764681923207674 0.2643767397272143
0.3235531408611246 -0.2764077729294306
-0.8785030965345678 0.4750598601808773
-0.4123453701869849 0.9550982197174964
0.1055389396364211 0.2285336920662609
-0.9467555212337312 0.20419981290619826
-0.951959889917632 0.29720193077306084
-0.6157330768418489 0.8055445982524733
-0.27513211242603514 0.9390107866488434
0.20764531644447332 -0.10365354258424171
0.2443781216133443 -0.13628936651274692
0.19221983699196696 0.9864882735720694
-0.7132590250255896 0.6683286659964826
0.715465909476553 0.6745764608678051
0.006363225067538773 0.17139314871734435
0.34816490627959773 0.9907263379070181
-0.8760797759853088 0.4275316606410963
1.0003804286251259 -0.037671907372310076
1.8099174462451293 -0.03874014076459134
1.4790569676623364 -0.34525266276139555
-0.7248916425830114 0.541506597292768
0.05206450122894715 0.07002271847550597
0.8896312011618311 -0.5045869391137615
0.9937605819841753 0.11088672368500435
0.7611530411111187 -0.4972307202100559
0.037097434821306285 0.2809807453394548
0.5792415404069005 -0.4248839133883989
1.0243107869541028 0.17477985627471956
0.930512780362848 0.18631234054940274
0.17912485640594422 -0.05113072671094333
0.15572257096561876 0.033565457774366994
-1.0239006233312284 0.02396762123449912
-0.5322703872748776 0.7927294166600701
-0.977089077994385 0.15186082783455657
1.2760211380873772 -0.5460643416410247
1.7133606171621598 -0.15129337671305199
0.8603569562832365 0.46594057528004884
-1.0260750684592033 0.002271497246416749
-0.728937484215903 0.6664716499373696
0.9088413795834698 -0.4097132589692083
0.9969955215762577 0.037668503759651924
1.7008230963511324 -0.2087428864065297
-0.4219922787350919 0.8787155204630944
-0.8940745421792029 0.5532846462077586
1.6722894174294956 -0.22448847886394646
0.48343232319432927 0.8840073900050776
1.4560233132750788 -0.3905955613308617
1.5344672149832486 -0.31622058789235175
1.4097445964456528 -0.4287515612837232
1.9689030552278401 0.18680800438084322
1.965729643862528 0.3248620396165848
0.054332121701183664 0.10189255133897855
1.1562548022854464 -0.5085804951952447
-0.9667093648939721 0.3409133306659433
1.9207735439665898 0.38656218530206465
0.8047442333181047 0.5882385689978605
-0.10630107033440454 0.9419080035170398
0.03497548893756389 0.24878468808505413
-0.36604274154910604 0.8915658240161541
-0.6609921528167324 0.8326144395548771
-0.5355595881368359 0.7910820389029343
0.6252376992792401 0.8112458392949147
0.9190983703176582 0.4025685832730317
1.7940209140099652 -0.07894442801761564
-0.11747778292493484 0.9139760812510883
0.30514098177795423 -0.1091398773635866
0.5432567711162613 -0.40499320186181587
-0.9364964470093812 0.25466705801765754
0.7446011423291898 0.635401203080637
1.9824190900890988 0.17147743037809188
1.4566778587430664 -0.39897130294776517
0.8701292957412982 0.5036872022194767
1.6794610257085685 -0.15486155157022843
0.9682928063229763 0.2986749314083208
0.6829834728377429 -0.4539506923070159
-0.5792953435316429 0.799377191159436
1.5639979461814932 -0.30396155855563756
0.6665390055663208 0.7527531538712424
1.9722302414119857 0.44837528247446656
0.6577622237583772 0.6921587828418571
-0.6448876617300888 0.784869837261528
-0.5558080303815703 0.8044030500778091
-0.9094346020280856 0.3104787152029537