1.912510 0.114823 1
-0.001632 0.297300 1
0.878079 0.358646 -1
-0.853978 0.622630 -1
1.805085 -0.064224 1
0.449468 0.928605 -1
0.148908 -0.003174 1
-0.443252 0.903411 -1
-0.707293 0.656553 -1
1.618266 -0.223677 1
-0.998418 0.163647 -1
-0.003030 0.375729 1
0.255264 1.019846 -1
0.168227 0.931505 -1
1.964913 0.183801 1
0.079617 0.957447 -1
-0.012748 0.231894 1
0.060235 0.092686 1
0.135857 -0.024134 1
0.966832 0.204205 -1
0.824859 0.568855 -1
-1.027270 0.164357 -1
0.241338 0.917874 -1
0.350651 0.929412 -1
1.945021 0.330914 1
0.014897 0.195256 -1
1.953016 0.119760 1
0.720809 0.685928 -1
0.965243 0.317311 -1
0.915819 -0.504712 1
1.566867 -0.365149 1
-0.629346 0.793299 -1
1.881103 0.044225 1
0.483153 -0.330368 1
1.068495 -0.475144 1
1.886484 0.022465 1
-0.812827 0.542198 -1
-0.159783 1.002117 -1
1.555337 -0.293922 1
1.992318 0.464271 1
-1.020005 0.031198 -1
0.741570 0.654870 -1
0.340741 0.965891 -1
0.264041 -0.138281 1
1.350738 -0.495748 1
-0.049281 1.015612 -1
0.359014 0.935086 -1
0.948145 0.161337 -1
2.061906 0.435268 1
-0.821858 0.641517 -1
-0.954165 0.320017 -1
1.814441 -0.090256 1
0.709259 -0.454824 1
1.538969 -0.361222 1
1.445650 -0.341118 1
1.077178 -0.500233 1
0.148064 -0.107446 1
0.190970 -0.015960 1
0.912153 -0.461638 1
0.951441 -0.491712 1
0.963682 0.020469 -1
0.820200 0.524513 -1
0.123312 0.051500 1
-0.220231 0.979617 -1
0.013450 1.074224 -1
-0.539504 0.825711 -1
0.044920 1.026430 -1
0.680721 0.750141 -1
0.896282 0.545236 -1
-0.824007 0.597393 -1
1.165249 -0.520786 1
1.935713 0.231822 1
1.548810 -0.303127 1
1.098174 -0.522315 1
0.899868 0.344278 -1
0.972504 0.318281 -1
1.039077 0.096577 -1
1.867240 0.009004 1
1.840938 -0.115764 1
0.955729 0.343597 -1
0.122332 0.150533 1
-0.643160 0.778981 -1
0.390473 -0.311297 1
0.244433 -0.142002 1
0.958579 -0.546152 1
1.786171 -0.127953 1
0.493262 0.744833 -1
0.750220 0.624138 -1
0.871630 0.507004 -1
0.660077 0.733658 -1
-0.935884 0.175962 -1
0.008190 1.004121 -1
1.424675 -0.405081 1
-0.809014 0.593537 -1
0.150068 -0.097565 1
0.015951 0.476396 1
0.487273 0.855234 -1
0.339257 0.914286 -1
0.206070 -0.120755 1
1.896641 0.017535 1
0.737856 -0.478490 1
1.302371 -0.430749 1
1.961342 0.148635 1
0.243464 -0.141480 1
0.942176 0.179796 -1
0.808558 0.529350 -1
1.623259 -0.314259 1
1.828785 -0.039397 1
0.777576 0.649511 -1
-0.894888 0.436981 -1
0.928551 0.162848 -1
0.018009 0.371699 1
1.458449 -0.353855 1
2.038550 0.464256 1
-0.532372 0.922807 -1
-1.009081 0.034314 -1
1.898275 -0.015135 1
0.748816 0.670503 -1
-0.880704 0.417035 -1
2.005547 0.335400 1
0.402505 0.833840 -1
1.868801 0.032714 1
0.405708 -0.283270 1
1.448157 -0.416633 1
0.511790 -0.378114 1
-0.920599 0.475228 -1
0.003618 0.392603 1
1.970663 0.415269 1
-0.826555 0.555602 -1
0.949128 0.160793 -1
1.851126 0.031518 1
1.603365 -0.307072 1
0.831070 0.526128 -1
-0.439571 0.927807 -1
-0.845807 0.609322 -1
-0.205713 1.027854 -1
-0.788482 0.643162 -1
0.989286 -0.512302 1
0.991552 -0.455757 1
0.858251 0.479848 -1
0.537249 -0.407190 1
-0.547013 0.771224 -1
0.019987 1.022470 -1
0.793488 -0.479005 1
1.841985 -0.058863 1
0.438156 0.866631 -1
0.381958 0.920582 -1
-0.958426 0.385125 -1
0.693766 0.749356 -1
0.919388 0.480973 -1
0.106205 0.108804 1
-0.098587 1.034206 -1
0.419937 0.882212 -1
1.587295 -0.269734 1
0.351729 -0.199771 1
1.925370 0.038631 1
0.828929 0.577826 -1
0.772026 -0.430839 1
0.006653 0.449287 1
0.174078 0.982213 -1
1.993583 0.261716 1
-0.017657 0.386963 1
0.898375 0.477291 -1
-0.434569 0.914786 -1
0.402972 0.914195 -1
0.173234 1.039518 -1
-0.989313 0.111548 -1
-0.579153 0.809798 -1
-1.022138 0.158070 -1
1.822538 -0.121814 1
1.936049 0.037715 1
1.233816 -0.478277 1
0.740570 0.659145 -1
0.258768 0.988613 -1
-0.300059 0.966366 -1
0.011763 0.179324 1
0.086031 0.986881 -1
1.916497 0.094874 1
-0.890394 0.353483 -1
0.926291 0.426597 -1
-0.563056 0.834182 -1
1.303470 -0.434908 1
-0.564042 0.852855 -1
-0.910063 0.302981 -1
-0.959275 0.308839 -1
0.466555 -0.389179 1
0.057051 0.193893 1
0.279479 -0.233399 1
-0.841247 0.535296 -1
-0.958298 0.205865 -1
0.207666 -0.050403 1
0.510415 0.842255 1
-0.012545 0.501000 1
-0.806518 0.583865 -1
1.152818 -0.454243 1
0.570219 0.843243 -1
1.781879 -0.092462 1
1.256597 -0.434281 1
0.017900 0.312734 1
1.667263 -0.266797 1
0.722475 0.660920 -1
0.076800 0.995533 -1
0.040604 0.136237 1
1.724649 -0.157586 1
0.016916 0.319820 1
0.248272 -0.193731 1
-1.017928 0.046758 -1
1.701196 -0.183289 1
0.895687 -0.526652 1
0.020094 1.105284 -1
-0.484231 0.876452 -1
1.796903 -0.087576 1
0.340718 -0.186367 1
0.621926 -0.408633 1
0.350647 -0.223846 1
-0.952676 0.215263 -1
-0.866416 0.556548 -1
0.052132 0.227451 1
1.993675 0.395508 1
0.223621 -0.089064 1
0.043295 0.345717 1
0.447527 0.958962 -1
0.926123 0.435131 -1
0.642850 0.760806 -1
-0.992067 0.286926 -1
1.590478 -0.337048 1
0.819273 0.534843 -1
2.003306 0.311968 1
-0.401542 0.926706 -1
0.338110 -0.270839 1
0.194725 -0.117554 1
0.613963 0.787952 -1
0.154207 -0.000552 1
-0.972594 0.066860 -1
0.197074 -0.045407 1
1.292477 -0.465754 1
0.613369 -0.398929 1
0.378641 -0.325846 1
1.398443 -0.432290 1
0.403932 -0.357284 1
-0.981352 0.152707 -1
0.796211 -0.536921 1
0.802036 -0.408611 1
0.471646 -0.330611 1
1.581749 -0.316522 1
0.757802 -0.481864 1
1.087792 -0.513168 1
0.358336 0.897738 -1
0.424582 -0.335765 1
-0.630332 0.797128 -1
1.221884 -0.519207 1
-0.542663 0.848889 -1
0.252192 0.996893 -1
1.549625 -0.368064 1
2.038693 0.197686 1
1.817403 -0.046613 1
0.679732 -0.465659 1
1.978170 0.523293 1
0.645847 0.760267 -1
0.833864 -0.455205 1
-0.581666 0.821120 -1
-0.912025 0.377732 -1
-0.406245 0.926733 -1
0.727785 -0.392368 1
0.250165 0.965489 -1
0.232524 -0.185081 1
0.459278 -0.375722 1
-0.110618 1.018246 -1
-0.485362 0.864322 -1
1.988175 0.229089 1
1.902959 0.043543 1
1.667900 -0.298246 1
0.190570 0.998853 -1
0.053023 0.308211 1
0.399217 -0.210420 1
-0.042988 1.039372 -1
0.482743 0.871315 -1
1.220222 -0.522995 1
0.041035 0.040183 1
0.046071 0.184956 1
-0.977157 0.229541 -1
-0.946815 0.297394 -1
1.735267 -0.144281 1
1.663010 -0.348118 1
1.698541 -0.163198 1
1.557689 -0.276555 1
0.687989 0.659558 -1
0.345884 0.964849 -1
0.825208 0.558930 -1
1.035377 0.175461 -1
0.927055 0.284168 -1
1.262641 -0.446952 1
0.595078 0.816031 -1
-0.895380 0.433013 -1
1.590525 -0.341090 1
0.051279 0.132610 1
-1.024683 0.134320 -1
0.043944 0.273997 1
1.967678 0.208280 1
0.582469 0.723038 -1
0.384804 0.908148 -1
0.151478 0.027839 1
0.695019 -0.469884 1
-0.446143 0.959439 -1
1.301820 -0.433157 1
1.953609 0.193407 1
0.853182 -0.448775 1
1.582547 -0.356506 1
-0.955687 0.159319 -1
1.655935 -0.302714 1
1.659907 -0.209560 1
0.854139 -0.545257 1
1.379212 -0.429099 1
1.845669 0.030194 1
0.950959 0.456304 -1
-1.050631 0.109450 -1
0.510656 0.843847 1
-0.235632 1.007432 -1
1.425568 -0.385120 1
0.907436 -0.483446 1
-0.020001 0.205030 1
-0.971460 0.282547 -1
1.628988 -0.274934 1
-0.771507 0.557346 -1
0.057362 1.035264 -1
1.418367 -0.414416 1
0.981326 0.255107 -1
1.863410 -0.008520 1
0.773445 0.587516 -1
2.031249 0.401782 1
1.882060 -0.016320 1
-0.843741 0.562808 -1
0.374203 0.937678 -1
-0.904830 0.496131 -1
1.371059 -0.452943 1
1.908531 0.013590 1
0.467643 0.773718 -1
1.311594 -0.454612 1
-0.893777 0.413206 -1
1.027511 0.107940 -1
-0.545764 0.891609 -1
0.297638 -0.250962 1
0.995140 0.119200 -1
0.248911 0.945202 -1
-1.007347 0.052617 -1
0.083793 0.995921 -1
-0.923915 0.152223 -1
1.829076 -0.029550 1
1.696207 -0.193716 1
0.883906 0.401641 -1
0.930379 -0.459074 1
0.955243 0.251274 -1
0.644861 0.762592 -1
-0.951223 0.323804 -1
0.341082 0.926734 -1
0.608914 -0.418360 1
1.965805 0.236482 1
-0.358502 0.956102 -1
0.928691 -0.425233 1
-0.546850 0.872787 -1
0.946465 -0.462842 1
0.089160 0.972757 -1
0.848575 0.604261 -1
-0.916558 0.350119 -1
0.799385 0.652618 -1
1.054348 -0.471936 1
0.393462 0.956170 -1
1.642191 -0.235098 1
0.467224 -0.309567 1
0.565275 0.844632 -1
0.018333 0.396886 1
-0.465941 0.854703 -1
0.918186 -0.472445 1
1.018346 0.070114 -1
-0.814549 0.651215 -1
0.709310 -0.494698 1
1.772977 -0.179985 1
-0.360910 0.968118 -1
0.033335 0.280648 1
-0.001994 0.969166 -1
-0.719550 0.781762 -1
-0.878767 0.476518 -1
1.987965 0.194410 1
-0.195118 0.965726 -1
0.303108 0.946458 -1
1.870204 0.055027 1
0.966851 0.203097 -1
0.020101 0.337277 1
0.215702 -0.098416 1
0.094066 0.067573 1
0.755582 0.641253 -1
-0.910949 0.368042 -1
0.940569 0.389363 -1
1.026924 0.116997 -1
-0.753870 0.608325 -1
0.184406 -0.110828 1
0.868743 -0.497259 1
1.104685 -0.449330 1
-0.157696 0.993526 -1
1.699924 -0.335584 1
-0.873969 0.423121 -1
0.525071 0.831017 -1
0.948511 -0.508605 1
1.970701 0.311136 1
1.809297 -0.118260 1
-0.910476 0.400461 -1
-0.975754 0.234408 -1
0.177805 -0.136983 1
-0.980587 0.183072 -1
2.041905 0.364817 1
0.192677 -0.162833 1
1.648623 -0.302293 1
-0.015207 0.980627 -1
1.665637 -0.286387 1
-0.856923 0.438900 -1
0.612452 -0.395878 1
0.286022 -0.185687 1
0.835824 -0.427266 1
0.933801 0.269655 -1
0.904721 0.445419 -1
0.090093 1.024770 -1
0.634455 0.799986 -1
-1.015208 0.143936 -1
0.898099 0.455474 -1
0.529363 -0.388497 1
0.058864 0.104993 1
-0.301226 0.977149 -1
0.895523 0.385949 -1
0.690042 0.754370 -1
-0.595457 0.785284 -1
0.929858 0.435001 -1
-0.031848 1.001048 -1
-0.968313 0.269406 -1
1.987045 0.431309 1
0.861649 -0.438144 1
0.115287 1.038555 -1
-0.958160 0.311857 -1
0.377069 0.963847 -1
0.969001 0.367891 -1
0.357283 0.937865 -1
1.100711 -0.458160 1
1.070620 -0.489384 1
0.970623 0.219550 -1
0.439849 -0.332575 1
1.743002 -0.046918 1
2.028685 0.412204 1
-0.310956 0.933717 -1
0.158352 0.014892 1
1.841777 -0.006193 1
0.889351 0.402298 -1
0.912495 0.354865 -1
0.394812 0.923162 -1
0.981075 0.240829 -1
-0.899258 0.515376 -1
0.469110 -0.349897 1
0.590191 -0.403367 1
1.003804 0.092451 -1
-0.401105 0.844075 -1
0.000018 0.471792 1
-0.810601 0.633000 -1
-0.198127 0.948222 -1
0.021914 0.551494 1
-0.566916 0.841161 -1
1.044059 -0.483989 1
-0.934273 0.195865 -1
-0.965113 0.038803 -1
0.280826 0.865102 -1
0.074371 0.049357 1
1.744220 -0.140495 1
0.704027 -0.441789 1
0.740141 -0.505664 1
1.963662 0.335080 1
0.810399 -0.427930 1
0.246117 -0.188869 1
-0.133700 0.990423 -1
0.601698 0.796911 -1
0.993229 -0.469617 1
0.728634 -0.436569 1
-0.944727 0.265673 -1
-0.850942 0.651535 -1
-0.606566 0.782716 -1
0.689555 0.687636 -1
0.932868 0.450267 -1
0.469976 -0.309024 1
0.213885 0.987916 -1
0.185638 0.997094 -1
0.974055 0.393546 -1
0.476491 -0.308885 1
0.133801 0.076244 1
-0.752196 0.649087 -1
1.179672 -0.542836 1
1.776556 -0.165303 1
0.487766 -0.318196 1
2.018555 0.274163 1
0.268108 -0.161369 1
1.955175 0.156249 1
0.347449 0.980646 -1
-0.030687 1.007155 -1
1.318588 -0.460466 1
-0.887216 0.542849 -1
0.987625 -0.493714 1
1.764422 -0.144273 1
-1.017728 -0.016609 -1
-0.108800 1.030603 -1
-0.926926 0.335667 -1
2.014281 0.399229 1
0.105993 1.001226 -1
0.968473 -0.461350 1
0.626081 0.869400 -1
0.486458 -0.386118 1
1.050108 0.080900 -1
0.289548 -0.218181 1
1.787455 0.030194 1
-0.514820 0.914219 -1
-0.760982 0.585264 -1
1.407616 -0.478239 1
0.160099 0.054449 1
1.873088 -0.045694 1
-0.989691 0.008141 -1
-0.142380 1.044099 -1
1.494305 -0.360344 1
1.009952 -0.477734 1
-0.006897 0.442226 1
-1.012549 0.175282 -1
1.714875 -0.186385 1
1.647810 -0.181114 1
1.984658 0.488166 1
0.091178 0.097700 1
0.772446 0.607968 -1
-0.619702 0.766936 -1
0.181630 -0.054961 1
-0.731765 0.650682 -1
1.662041 -0.244244 1
0.740856 0.740198 -1
1.653872 -0.267175 1
0.295754 0.958551 -1
0.963614 0.379542 -1
0.186691 0.945917 -1
-0.194611 1.020524 -1
0.415141 -0.210797 1
-0.238481 0.999903 -1
-0.544229 0.789140 -1
-0.884111 0.418694 -1
-0.777165 0.628127 -1
-0.957832 0.384804 -1
0.292806 0.931684 -1
0.993497 0.331140 -1
-0.945214 0.219032 -1
0.516620 0.831897 -1
-0.040504 0.428000 1
0.209042 -0.195249 1
0.853927 0.444401 -1
1.933477 0.082690 1
-0.927597 0.386396 -1
-0.366149 0.932325 -1
0.210597 -0.077119 1
1.651356 -0.254274 1
-0.026236 0.441043 1
0.933479 0.375846 -1
0.493308 -0.343686 1
1.009873 0.086322 -1
1.493888 -0.339717 1
1.256431 -0.420344 1
-0.956056 0.291867 -1
0.894999 0.437557 -1
1.869003 -0.046038 1
0.997896 0.197820 -1
-0.551994 0.868263 -1
0.348462 0.919190 -1
1.307785 -0.455897 1
0.502795 0.840590 -1
0.218108 0.966213 -1
0.553824 0.855888 -1
0.304347 0.883057 -1
0.107779 0.088962 1
0.384010 -0.267573 1
-0.606883 0.776747 -1
-0.026646 1.019739 -1
0.044812 0.193480 1
-0.821250 0.617669 -1
0.931486 0.288160 -1
1.549352 -0.322521 1
0.344848 0.935237 -1
0.960679 0.368975 -1
0.936399 -0.492236 1
-0.238262 0.874252 -1
1.522628 -0.375800 1
0.990735 0.020168 -1
-0.729314 0.688824 -1
-0.374791 0.929665 -1
0.137267 0.966140 -1
0.668027 -0.427991 1
-0.510248 0.864710 -1
1.916262 0.118535 1
0.354364 0.951355 -1
1.532166 -0.325047 1
0.072487 0.101276 1
1.767641 -0.188592 1
1.743572 0.018386 1
0.306207 -0.231266 1
0.017943 0.209499 1
-0.805443 0.575593 -1
-0.793499 0.589877 -1
-0.836745 0.573181 -1
2.010331 0.428279 1
-0.399962 0.922197 -1
0.521055 -0.315213 1
-1.005799 0.024007 -1
0.161386 -0.059866 1
2.024026 0.508006 1
1.488310 -0.405759 1
0.981582 0.236159 -1
0.643789 -0.459538 1
0.509499 -0.351787 1
0.026768 0.183865 1
0.384180 -0.364882 1
0.292358 0.939932 -1
-0.131206 0.983491 -1
2.032704 0.418473 1
-0.474932 0.905304 -1
0.160815 -0.159909 1
0.652647 0.712803 -1
-0.355798 0.936532 -1
0.203307 -0.134735 1
1.336658 -0.443279 1
1.076387 -0.433235 1
1.362497 -0.507055 1
0.912231 0.470577 -1
0.232565 0.992026 -1
0.450003 0.867839 -1
1.860065 -0.041530 1
0.596883 0.760858 -1
0.453801 -0.341032 1
0.034903 1.070955 -1
0.348885 -0.244555 1
-0.723442 0.748463 -1
0.956994 0.414250 -1
0.168616 0.009027 1
0.321607 -0.185244 1
-0.768881 0.715369 -1
-0.147845 0.963602 -1
-0.880004 0.498819 -1
1.985811 0.183620 1
-0.894736 0.334467 -1
0.456549 0.910125 -1
-0.831325 0.379952 -1
1.677727 -0.279906 1
-0.961464 0.231609 -1
0.420345 0.937531 -1
0.291594 -0.242483 1
1.038857 -0.478628 1
0.419134 0.896958 -1
0.001834 0.369428 1
-1.010266 -0.002425 -1
1.002302 0.177538 -1
0.025100 0.456593 1
-0.350091 0.966947 -1
-0.020892 0.419511 1
0.433543 -0.293716 1
1.721807 -0.105155 1
0.032210 0.113056 1
-0.871426 0.481685 -1
0.183528 -0.102984 1
1.713373 -0.302768 1
0.739131 0.713932 -1
-0.432219 0.914312 -1
-0.053104 0.353932 1
-0.462945 0.831950 -1
1.835665 -0.081861 1
0.048465 0.087365 1
1.229001 -0.481113 1
-0.963310 0.078929 -1
-0.999480 0.054695 -1
1.018354 -0.483489 1
0.027357 0.083791 1
1.809538 -0.097314 1
0.915279 0.464384 -1
0.140925 0.971080 -1
0.122351 0.037355 1
1.915901 0.058024 1
0.090539 1.004862 -1
0.235572 -0.174893 1
-0.350719 0.928384 -1
-0.974628 0.001601 -1
0.935482 -0.456006 1
1.702237 -0.162605 1
1.383152 -0.456626 1
1.960173 0.160365 1
-0.604152 0.826011 -1
0.403189 -0.254711 1
0.782331 0.579268 -1
1.108381 -0.516655 1
0.701018 0.683463 -1
-0.057889 1.032882 -1
0.550349 -0.403244 1
0.173201 -0.010135 1
-0.764942 0.688590 -1
-0.665855 0.753367 -1
0.183312 -0.154129 1
-0.354853 0.925979 -1
-0.126489 1.022462 -1
1.955697 0.152014 1
1.863790 0.026260 1
0.326361 0.955461 -1
-0.623681 0.748653 -1
0.513236 0.841591 -1
0.696736 0.706747 -1
0.414141 -0.317655 1
1.408881 -0.436669 1
2.002962 0.360495 1
0.985688 0.189989 -1
1.692819 -0.209087 1
1.946213 0.349774 1
-0.195518 1.022466 -1
1.502643 -0.383296 1
1.241894 -0.491817 1
0.203853 -0.036576 1
0.009650 0.258036 1
-0.937502 0.333984 -1
0.790074 0.608453 -1
0.116061 0.035303 1
0.486453 -0.366803 1
0.362891 -0.251796 1
0.093274 0.005212 1
0.829907 0.580831 -1
-0.997479 0.035026 -1
0.261093 -0.188759 1
0.602253 -0.452952 1
1.812576 -0.010251 1
0.295705 0.963112 -1
1.950000 0.011928 1
-0.922208 0.436189 -1
-0.966478 0.301381 -1
-0.733496 0.692742 -1
-0.955558 0.173010 -1
0.767410 0.656066 -1
-0.824226 0.531909 -1
1.023992 -0.427904 1
0.991127 -0.000593 -1
-0.991070 0.251411 -1
1.907092 0.034727 1
0.216349 -0.170860 1
0.184917 -0.085744 1
1.703836 -0.213880 1
0.587330 -0.375333 1
-0.077587 1.010738 -1
1.837357 -0.033182 1
-0.865415 0.235325 -1
0.929111 0.415106 -1
0.970081 0.380571 -1
-0.750114 0.708105 -1
0.964677 0.258759 -1
-0.181507 1.009093 -1
0.018534 1.015535 -1
1.232064 -0.478692 1
0.230021 0.956532 -1
-0.117048 1.015653 -1
0.282160 -0.222763 1
0.977597 0.305241 -1
0.455816 -0.336753 1
-0.895665 0.295193 -1
0.654303 0.771952 -1
-0.145482 1.008209 -1
0.137552 0.995504 -1
1.805959 -0.068716 1
0.507073 0.843052 -1
1.088190 -0.522058 1
-0.312894 0.941359 -1
0.948617 0.228674 -1
0.288790 -0.190919 1
0.015925 0.428127 1
0.921997 0.432692 -1
0.555908 0.795963 -1
0.452179 0.874138 -1
0.305863 -0.175583 1
1.000052 -0.473218 1
2.014487 0.463745 1
2.015614 0.260534 1
1.331724 -0.458465 1
0.890783 -0.547490 1
0.027469 0.177037 1
1.387481 -0.512803 1
1.138230 -0.436110 1
1.054711 -0.458852 1
0.911473 0.350354 -1
1.009323 0.376739 -1
1.496165 -0.382521 1
0.531567 0.887780 -1
0.877471 0.429098 -1
-0.836267 0.629748 -1
0.571641 -0.417458 1
1.566714 -0.305475 1
1.479706 -0.408504 1
-0.032053 0.442643 1
-0.895062 0.457164 -1
-0.426341 0.865127 -1
-0.669393 0.686898 -1
2.012196 0.489094 1
0.782486 0.534544 -1
-0.409245 0.904307 -1
-0.424382 0.923914 -1
0.752032 0.674317 -1
1.614607 -0.298541 1
0.745503 0.625354 -1
0.977559 0.134586 -1
-0.027168 0.391205 1
0.021175 0.163439 1
0.353460 -0.301543 1
0.864343 0.581177 -1
2.000841 0.427600 1
0.102787 0.041543 1
0.677147 0.773989 -1
-0.752110 0.602173 -1
1.961260 0.261087 1
0.997566 0.065790 -1
0.314463 -0.185877 1
0.697389 0.677664 -1
0.624366 0.779704 -1
0.826004 -0.477843 1
0.088333 0.093102 1
0.331732 -0.289431 1
-0.413830 0.930138 -1
0.522751 0.893323 -1
0.078879 0.112159 1
-0.838867 0.505329 -1
0.737873 0.704742 -1
-0.871926 0.378406 -1
0.696125 0.767149 -1
1.909425 0.117620 1
-0.420392 0.870500 -1
1.920621 0.102512 1
0.310350 -0.232926 1
1.641213 -0.306797 1
0.035146 0.445667 1
0.606497 0.785285 -1
0.611153 -0.486887 1
1.024128 0.043686 -1
0.145387 0.965120 -1
0.347834 0.968430 -1
0.924744 0.259204 -1
1.002753 0.054579 -1
2.038561 0.334133 1
0.046155 0.223327 1
1.827500 -0.093831 1
0.795519 -0.485441 1
-0.398451 0.881233 -1
0.521423 0.845296 -1
0.183003 -0.008061 1
-0.698192 0.734662 -1
0.929334 0.236360 -1
0.836733 -0.481192 1
0.223935 -0.113960 1
-0.572315 0.788939 -1
0.175509 -0.025620 1
0.043446 0.251630 1
0.890623 -0.514350 1
-0.975821 0.160295 -1
-0.861919 0.398301 -1
0.273625 -0.225538 1
1.027465 0.007596 -1
0.004483 0.952516 -1
-0.784196 0.694194 -1
1.169875 -0.399809 1
0.881359 -0.512281 1
0.885647 -0.477909 1
0.993520 0.227365 -1
0.989973 0.301903 -1
0.772147 0.597829 -1
1.948370 0.442787 1
1.748838 -0.105670 1
0.217684 -0.160075 1
0.385565 -0.287288 1
0.144728 1.018324 -1
-0.838919 0.601035 -1
0.174353 0.989982 -1
-0.976075 0.153440 -1
0.992484 0.101491 -1
0.799179 -0.454820 1
0.384814 -0.251055 1
0.589229 0.798783 -1
-0.713274 0.663959 -1
1.133460 -0.467347 1
1.606436 -0.250243 1
0.742558 -0.432948 1
1.769102 -0.122463 1
-0.423700 0.935843 -1
0.780434 -0.486716 1
-0.092800 0.998487 -1
1.167940 -0.533417 1
0.559281 -0.370534 1
0.633040 0.756724 -1
-0.027976 0.287021 1
-0.028843 0.448754 1
1.996836 0.472174 1
0.390804 -0.343127 1
1.092985 -0.450415 1
-0.675527 0.713740 -1
0.818196 -0.486211 1
0.294997 -0.243270 1
1.627545 -0.308861 1
0.810596 0.507260 -1
0.971413 0.228456 -1
-0.654846 0.747237 -1
0.803266 0.564339 -1
1.922858 0.099631 1
0.896229 0.431617 -1
1.829325 -0.178914 1
1.707546 -0.249764 1
-0.286364 0.978158 -1
0.253497 -0.146303 1
1.976646 0.311904 1
0.262605 0.965196 -1
1.922328 0.018303 1
1.492440 -0.437105 1
1.774400 -0.142277 1
0.548354 0.828879 -1
0.671194 -0.435134 1
0.598227 0.722503 -1
1.485998 -0.388663 1
0.662398 -0.440823 1
1.993250 0.329437 1
-0.900440 0.522569 -1
1.786578 -0.065485 1
1.970911 0.428785 1
1.110824 -0.549935 1
0.887757 0.485892 -1
0.821922 0.599547 -1
-0.821889 0.510794 -1
0.017203 0.371730 1
1.558734 -0.332801 1
0.534869 0.874505 -1
0.381439 0.958031 -1
-0.278990 0.965685 -1
0.478837 -0.384226 1
0.952295 0.296019 -1
-0.613818 0.772292 -1
0.988186 0.033359 -1
0.015833 0.469435 1
-0.881869 0.411395 -1
0.155934 -0.055664 1
0.190423 0.092919 1
0.011432 0.222004 1
0.050465 0.286246 1
1.837805 -0.070271 1
1.978072 0.411593 1
0.010681 0.526399 1
0.908314 -0.497168 1
2.007731 0.390448 1
1.148985 -0.460503 1
-0.135023 1.022525 -1
-0.020696 0.991231 -1
-1.004805 0.151034 -1
0.898556 0.383451 -1
0.712136 0.734402 -1
-0.997847 0.043292 -1
0.476643 0.861363 -1
1.623537 -0.219869 1
1.883799 0.154968 1
-0.228745 0.981567 -1
-0.190140 0.989573 -1
1.366562 -0.476942 1
1.365081 -0.490872 1
0.236543 -0.110790 1
0.813360 0.520530 -1
-1.010779 0.084901 -1
-0.055207 1.026177 -1
0.509007 -0.393318 1
-0.273618 0.932746 -1
-0.708353 0.736823 -1
1.150077 -0.471427 1
-0.008703 0.296472 1
0.981974 0.344813 -1
0.327795 -0.216052 1
1.879156 0.020664 1
-0.921789 0.294289 -1
0.397020 -0.310418 1
-0.468574 0.855966 -1
0.235727 0.942054 -1
0.064510 0.193553 1
-0.648125 0.693429 -1
1.765689 -0.187609 1
0.782353 -0.442351 1
1.359379 -0.397276 1
-0.157242 0.953910 -1
-0.264470 0.949658 -1
0.128533 0.028246 1
0.509254 0.840843 -1
1.985052 0.391329 1
-0.829380 0.458406 -1
1.901619 0.004294 1
-0.821890 0.531713 -1
0.025076 0.106212 1
0.125149 0.962095 -1
0.627191 -0.435108 1
1.992568 0.331884 1
1.523777 -0.392928 1
1.233717 -0.440434 1
-0.646052 0.737241 -1
0.477730 -0.307493 1
0.486229 -0.395040 1
0.994783 0.097480 -1
1.347593 -0.375404 1
0.438758 0.908542 -1
0.850274 -0.457455 1
0.179465 0.953738 -1
1.604510 -0.256220 1
-0.275102 1.009515 -1
1.017773 0.024593 -1
-0.623633 0.774209 -1
0.852166 0.491785 -1
-0.640928 0.711672 -1
1.848623 0.002156 1
0.983986 0.312323 -1
-0.061619 0.988679 -1
0.055713 0.226392 1
0.503916 0.875336 -1
1.271454 -0.374333 1
0.020622 0.147432 1
0.158748 0.965930 -1
-0.658974 0.736522 -1
-0.004654 0.981249 -1
1.678205 -0.238995 1
1.881409 0.127006 1
-0.297450 1.007416 -1
0.230803 -0.191301 1
-0.992937 0.055648 -1
0.778903 0.577839 -1
0.961375 0.234549 -1
-0.051257 0.985385 -1
1.964058 0.156683 1
0.153648 1.008558 -1
-0.209067 0.950233 -1
0.134133 0.010909 1
1.786374 -0.034509 1
1.380155 -0.444064 1
1.365220 -0.426788 1
1.947641 0.238498 1
-0.632359 0.742512 -1
1.007576 0.131696 -1
-0.479477 0.877444 -1
1.931757 0.173198 1
0.419624 0.960229 -1
0.020483 0.269722 1
-1.001049 0.252010 -1
-0.940828 0.371661 -1
-0.010945 1.001759 -1
0.003017 1.006326 -1
0.036299 0.978558 -1
1.531476 -0.240197 1
-0.801283 0.550269 -1
2.049644 0.289012 1
0.672326 0.685681 -1
1.973642 0.468000 1
1.789142 -0.115096 1
-0.067940 1.008824 -1
-0.915427 0.424459 -1
1.053570 0.040353 -1
0.240522 -0.190142 1
1.177068 -0.502816 1
0.074020 0.163449 1
0.064851 0.526110 1
0.008235 0.300041 1
-0.946845 0.306354 -1
-0.706774 0.649906 -1
-0.135164 1.028714 -1
0.695494 0.684918 -1
-0.182343 0.967434 -1
1.468248 -0.419417 1
-0.336689 0.951106 -1
1.463955 -0.380108 1
1.740563 -0.191569 1
-0.680360 0.774835 -1
1.100007 -0.515717 1
0.522011 -0.374577 1
-0.799581 0.605061 -1
1.517382 -0.347229 1
-0.235820 0.935747 -1
0.065899 0.185445 1
0.176947 -0.072120 1
-0.012020 0.394215 1
0.955948 -0.509599 1
1.542273 -0.359586 1
-0.942715 0.429289 -1
0.826933 -0.433600 1
0.954770 -0.477476 1
0.991395 0.114939 -1
0.029430 0.281367 1
-0.920235 0.397001 -1
0.889814 0.416028 -1
0.203440 -0.134933 1
1.975423 0.329600 1
0.743423 0.600720 -1
-0.253420 0.962836 -1
-0.534762 0.833394 -1
-0.628718 0.751408 -1
-0.012636 0.459236 1
-0.004235 0.403389 1
-0.343475 0.964619 -1
1.943862 0.029470 1
-0.572267 0.827126 -1
0.195528 0.960533 -1
-0.521048 0.838681 -1
0.793368 -0.473967 1
1.941631 0.413215 1
-0.834819 0.395700 -1
0.724503 -0.421532 1
0.233270 0.974607 -1
1.992742 0.234092 1
-0.233428 0.979673 -1
0.692221 0.767309 -1
1.771129 -0.210993 1
-0.023384 1.009782 -1
1.991876 0.496839 1
0.704305 0.742159 -1
0.006368 0.190400 1
1.704052 -0.184107 1
0.028433 0.296570 1
-0.009063 0.476905 1
-0.801178 0.596658 -1
-0.989778 0.282440 -1
0.517313 0.886620 -1
-0.502288 0.900184 -1
-0.800870 0.570921 -1
1.895936 0.212270 1
0.422926 0.939294 -1
1.416158 -0.427159 1
-0.572885 0.828541 -1
0.853155 -0.516362 1
0.572447 0.842093 -1
0.923853 0.309755 -1
-0.047671 0.134146 1
-1.000932 0.266114 -1
0.896254 0.491138 -1
0.701935 0.708993 -1
-0.020022 0.975737 -1
0.135149 -0.016564 1
1.807013 -0.005231 1
-0.477849 0.930245 -1
0.064076 0.367177 1
0.009039 0.342088 1
1.144104 -0.460792 1
1.939103 0.142423 1
0.793307 0.694559 -1
0.647833 -0.451633 1
-0.145368 1.009363 -1
1.190052 -0.517399 1
-0.997404 -0.002220 -1
0.265088 -0.144276 1
-0.312282 0.921468 -1
0.739760 0.647946 -1
-0.519392 0.862342 -1
1.752414 -0.196181 1
-0.546335 0.830117 -1
1.944247 0.062786 1
0.434120 0.942026 -1
0.300150 1.003185 -1
1.938186 0.250387 1
1.962965 0.260341 1
-0.880065 0.504106 -1
-0.904837 0.414679 -1
0.724211 0.734942 -1
0.963549 0.240384 -1
0.148881 0.007918 1
0.324879 -0.307471 1
0.172263 -0.058392 1
1.445520 -0.404218 1
-0.609972 0.745198 -1
-0.927643 0.409127 -1
-0.031470 0.978719 -1
0.488834 0.864050 -1
1.266705 -0.461827 1
1.001577 -0.505303 1
0.666810 -0.473974 1
0.544381 0.852607 -1
1.496747 -0.430941 1
-0.997801 0.205561 -1
1.775408 -0.126488 1
0.669563 0.725692 -1
0.401112 -0.381485 1
-0.619679 0.772171 -1
-0.006921 0.356442 1
-0.783276 0.681139 -1
-1.020658 0.062375 -1
0.858799 0.578516 -1
-0.742856 0.721782 -1
0.986941 0.212032 -1
0.384556 -0.308065 1
0.662099 0.753085 -1
1.701516 -0.271391 1
1.971603 0.361533 1
-0.718920 0.701023 -1
0.971276 0.125644 -1
0.007074 0.195688 1
0.583381 0.796442 -1
0.793367 0.629961 -1
-0.976240 0.134026 -1
0.139794 0.015933 1
-0.120427 0.938416 -1
-1.051499 0.099030 -1
1.195741 -0.469714 1
0.145200 -0.049773 1
-0.007197 0.195207 1
-0.573118 0.842047 -1
0.012425 0.189233 -1
0.982929 0.061460 -1
0.030903 1.014844 -1
0.608376 -0.459505 1
0.956223 0.155760 -1
0.142935 0.011080 1
1.932228 0.230198 1
1.090121 -0.461883 1
1.316034 -0.523481 1
0.499092 0.875212 -1
0.865045 -0.474141 1
-0.002220 0.946936 -1
0.975608 0.081062 -1
-0.727118 0.729267 -1
0.480719 0.875441 -1
0.537467 0.893240 -1
1.362639 -0.460111 1
-0.273879 0.981143 -1
1.901617 -0.021502 1
0.307893 -0.260327 1
0.943133 0.280977 -1
1.635185 -0.263887 1
0.842922 0.473523 -1
1.588829 -0.373860 1
0.536545 0.855065 -1
0.355420 -0.303640 1
0.804140 0.510459 -1
0.988771 0.034199 -1
0.576232 -0.380596 1
0.018443 0.396864 1
-0.755330 0.639397 -1
-0.774039 0.702161 -1
1.665175 -0.240253 1
0.224277 -0.129047 1
0.586077 -0.390901 1
-1.016552 -0.008799 -1
1.521620 -0.303140 1
0.557871 0.785237 -1
1.345795 -0.457620 1
0.654847 -0.465591 1
-1.010143 0.176753 -1
-0.945777 0.419840 -1
0.483342 0.913944 -1
-0.788967 0.589079 -1
-0.192690 0.968388 -1
0.795988 0.631356 -1
1.151103 -0.522818 1
0.459410 -0.336793 1
2.015769 0.211155 1
-0.660591 0.803073 -1
1.069436 -0.513916 1
0.182222 -0.067426 1
-0.791165 0.543901 -1
-1.045247 0.186850 -1
1.771834 -0.124287 1
0.060979 0.026650 1
0.301472 -0.107970 1
1.065656 -0.536808 1
-0.364110 1.001547 -1
0.206159 -0.105188 1
0.767185 -0.469176 1
0.612953 -0.395162 1
0.012797 0.463811 1
-0.795093 0.498275 -1
1.948353 0.075972 1
1.986807 0.325922 1
0.436648 -0.373437 1
-1.007652 0.231091 -1
1.173596 -0.535814 1
1.023155 0.131482 -1
1.153449 -0.447433 1
1.966868 0.289053 1
1.234777 -0.423488 1
0.541254 0.815167 -1
0.584927 0.752273 -1
1.500543 -0.402181 1
-0.079695 1.000545 -1
1.388935 -0.457648 1
-0.699808 0.700387 -1
0.084351 0.152954 1
-0.580294 0.777954 -1
-0.008593 0.474228 1
1.967303 0.173997 1
0.256616 1.031064 -1
1.556699 -0.264923 1
0.981220 0.035480 -1
1.829179 -0.127821 1
1.011904 0.014929 -1
-0.979199 0.099956 -1
0.364485 0.961233 -1
-0.033643 0.377094 1
1.989849 0.252140 1
1.930689 0.204758 1
0.806265 0.627089 -1
0.362795 -0.243312 1
0.836883 -0.481906 1
1.512155 -0.332094 1
-0.220975 0.941679 -1
0.440216 -0.342747 1
0.670910 -0.444952 1
1.445921 -0.438708 1
0.359882 0.926753 -1
1.790894 -0.132452 1
0.980857 -0.516016 1
0.517781 -0.385864 1
0.991019 -0.010869 -1
2.008479 0.488073 1
0.040082 0.280032 1
1.082786 -0.478823 1
1.953008 0.207768 1
-0.759446 0.661656 -1
1.849017 -0.068320 1
0.069396 0.189390 1
-0.359742 0.954700 -1
0.094941 0.139281 1
0.455281 0.888893 -1
0.228949 0.950669 -1
0.979664 0.065143 -1
0.190204 -0.089883 1
-0.931703 0.257631 -1
1.770881 -0.157192 1
-0.475680 0.911448 -1
1.011981 -0.478934 1
1.287326 -0.464100 1
1.067084 -0.519972 1
-0.609175 0.801863 -1
1.007249 0.102742 -1
-0.736499 0.705546 -1
0.816391 -0.481833 1
0.696002 -0.470360 1
0.991165 0.217239 -1
0.539367 0.858822 -1
0.089310 1.029886 -1
0.004432 0.989139 -1
0.687595 0.733037 -1
-0.684027 0.758858 -1
-0.821824 0.489832 -1
1.351425 -0.440915 1
0.865843 -0.489679 1
0.985260 0.121600 -1
0.642896 0.751808 -1
0.699962 0.639250 -1
1.536741 -0.346130 1
0.705916 -0.489188 1
-0.982217 0.054461 -1
-0.978334 0.064377 -1
1.318671 -0.428044 1
1.278758 -0.476787 1
-0.293108 1.006340 -1
1.030361 -0.519544 1
0.729138 0.624769 -1
0.923708 -0.533352 1
2.024160 0.337305 1
-0.644827 0.679504 -1
-0.549222 0.790952 -1
-0.425149 0.926879 -1
0.743197 0.691603 -1
0.631717 0.806561 -1
1.486951 -0.384924 1
-0.919538 0.202073 -1
1.660026 -0.213344 1
0.549010 -0.382968 1
1.803686 -0.186720 1
1.812013 -0.089433 1
-0.170145 0.953737 -1
0.812920 0.633494 -1
0.046881 0.943933 -1
-0.189909 0.975342 -1
0.025479 0.994439 -1
-0.782650 0.643955 -1
-0.022252 0.455931 1
0.998261 -0.531288 1
0.707141 0.688592 -1
1.489313 -0.306440 1
2.020207 0.342541 1
-0.434069 0.849681 -1
2.016880 0.443591 1
1.847427 0.026423 1
1.551982 -0.288457 1
-0.652623 0.731772 -1
-0.476488 0.903099 -1
0.706252 0.624473 -1
1.293345 -0.459968 1
1.275069 -0.430632 1
0.064869 1.045240 -1
1.020569 0.123406 -1
0.071301 0.141990 1
-0.959217 0.349345 -1
1.249205 -0.425086 1
0.903006 0.524667 -1
0.466966 -0.372415 1
1.748561 -0.241753 1
0.002643 0.450512 1
1.164389 -0.519285 1
0.438719 0.911892 -1
0.724727 -0.462764 1
-0.321165 0.902282 -1
-0.887650 0.322480 -1
0.548411 0.759363 -1
2.002487 0.368235 1
-0.945542 0.384797 -1
1.393979 -0.413986 1
1.996383 0.513404 1
0.303631 0.951344 -1
1.928694 0.237417 1
0.563712 -0.401512 1
0.142957 0.061893 1
0.023928 0.398717 1
0.853428 0.589927 -1
0.139016 0.963759 -1
0.087946 -0.010065 1
1.135258 -0.430873 1
1.243985 -0.500463 1
0.672603 -0.468542 1
1.937549 0.231183 1
-0.791110 0.553625 -1
1.893897 0.161745 1
0.845708 0.538497 -1
-0.728671 0.665241 -1
1.522165 -0.359628 1
1.079412 -0.457724 1
1.236140 -0.446767 1
0.957153 0.300932 -1
1.780876 -0.133062 1
1.001928 -0.458845 1
1.904557 0.066042 1
-0.949653 0.416513 -1
0.185173 0.014638 1
-0.500039 0.882821 -1
1.553266 -0.359421 1
0.700878 -0.453718 1
0.329114 -0.275659 1
0.264192 0.931086 -1
0.897586 -0.475780 1
1.539610 -0.292417 1
-0.452258 0.882195 -1
0.071205 0.224005 1
1.567430 -0.383842 1
0.409428 -0.345020 1
-0.721223 0.670461 -1
-0.939029 0.365036 -1
-0.642806 0.766761 -1
0.021432 0.230217 1
-0.940439 0.254736 -1
1.119800 -0.452772 1
1.661973 -0.243083 1
0.926619 0.384955 -1
-0.689564 0.749917 -1
0.014933 0.530461 1
0.867493 0.599148 -1
0.820203 -0.494403 1
0.226167 0.984372 -1
1.937090 0.101183 1
1.693291 -0.189552 1
-0.919865 0.358689 -1
1.432474 -0.400955 1
1.009752 0.056478 -1
2.062263 0.444760 1
0.790853 0.587849 -1
-0.257022 0.964656 -1
-0.131214 0.994415 -1
-0.015234 0.259783 1
0.760562 0.607279 -1
0.811740 -0.515509 1
-0.963902 0.183296 -1
-0.428264 0.871455 -1
-0.988997 0.342052 -1
0.872444 0.457050 -1
0.573929 -0.366708 1
0.412566 -0.377365 1
0.917936 -0.494390 1
0.122927 0.954579 -1
0.976949 0.057620 -1
1.932039 0.024117 1
1.501189 -0.355963 1
0.408374 0.956633 -1
1.980159 0.466263 1
-0.427981 0.938329 -1
-0.135448 0.995297 -1
1.916423 0.121182 1
0.963734 0.238172 -1
-0.219537 0.931256 -1
0.990356 0.186685 -1
-0.969217 0.219764 -1
0.954944 0.295937 -1
-0.326757 0.926174 -1
-0.017290 0.957133 -1
1.969106 0.360302 1
1.395622 -0.392446 1
-0.998791 0.215394 -1
0.992052 0.181225 -1
1.952336 0.446851 1
1.226362 -0.489679 1
0.335423 0.954610 -1
1.986371 0.400223 1
-0.170465 0.974190 -1
0.255220 -0.127234 1
0.836582 0.570363 -1
0.091685 0.117508 1
1.980348 0.182013 1
1.977142 0.277244 1
1.987356 0.203340 1
1.592119 -0.334711 1
-0.414359 0.899586 -1
-0.403141 0.909805 -1
-0.009678 0.344269 1
0.995971 0.274068 -1
-0.176439 0.995913 -1
0.719007 -0.472770 1
0.266231 0.934185 -1
0.840582 0.484483 -1
0.181194 0.984470 -1
1.942134 0.296315 1
1.963017 0.129278 1
0.106140 0.005894 1
2.020241 0.317558 1
1.016932 -0.470822 1
0.703300 0.697835 -1
-0.721135 0.716725 -1
1.386974 -0.449184 1
-1.065073 0.111458 -1
0.187754 -0.087834 1
0.383053 -0.316362 1
-0.993437 0.084797 -1
0.111402 0.999161 -1
-0.346484 0.916647 -1
1.674352 -0.252223 1
0.980732 0.267554 -1
0.650871 0.798502 -1
0.478333 -0.358325 1
0.952772 0.192944 -1
-0.356886 0.947110 -1
-0.505667 0.898528 -1
0.980823 0.019590 -1
1.278979 -0.438355 1
1.026418 0.120189 -1
0.360507 -0.211666 1
0.608647 0.838333 -1
0.145313 -0.079125 1
0.434965 0.868785 -1
0.011709 1.022909 -1
1.873728 -0.056004 1
0.585640 0.772064 -1
0.058557 0.158464 1
1.886447 0.027135 1
0.153960 -0.090442 1
0.275786 1.019026 -1
1.747426 -0.198489 1
0.990270 0.096088 -1
1.222570 -0.409038 1
-0.065620 1.059347 -1
0.272658 -0.189674 1
1.724470 -0.182037 1
-0.123456 0.973430 -1
0.921484 0.468422 -1
1.126432 -0.492218 1
0.695502 0.753448 -1
1.944917 0.236820 1
1.008472 -0.463394 1
-0.050413 0.991326 -1
-0.634116 0.774717 -1
0.164261 0.985157 -1
0.566119 -0.449200 1
1.404080 -0.396681 1
1.022926 0.043511 -1
-0.913049 0.431976 -1
-0.552851 0.852782 -1
1.922683 0.074925 1
0.756821 -0.446387 1
2.023601 0.221999 1
0.739376 0.682066 -1
-0.587722 0.755482 -1
-0.311116 0.958370 -1
0.312369 -0.259957 1
-0.938999 0.218932 -1
-0.942452 0.275373 -1
1.012725 0.134459 -1
1.011410 0.107197 -1
-0.728958 0.705318 -1
1.938261 0.246741 1
1.914836 0.124731 1
-0.002354 0.333409 1
-0.985364 0.090711 -1
-0.273547 0.994964 -1
1.212022 -0.517629 1
0.119689 0.130900 1
-0.895214 0.529913 -1
1.880076 -0.036170 1
1.593994 -0.275328 1
-0.746771 0.660770 -1
0.855430 0.536790 -1
0.191336 0.979330 -1
1.797013 -0.103765 1
0.613862 -0.423037 1
0.796763 0.605695 -1
0.091806 0.953560 -1
0.256747 -0.182984 1
0.758176 -0.494565 1
0.303596 -0.256756 1
-0.245218 1.024362 -1
1.466301 -0.387201 1
0.541230 0.858127 -1
1.947123 0.105142 1
-0.291633 0.938739 -1
1.783810 -0.147968 1
1.981929 0.485974 1
0.908853 0.281257 -1
0.666353 0.766408 -1
0.211509 -0.108087 1
0.028439 0.305182 1
-0.433095 0.887468 -1
0.845003 0.601570 -1
-0.900128 0.430113 -1
0.821096 0.463476 -1
0.013053 0.473266 1
-0.998121 0.141527 -1
0.348517 -0.251693 1
1.927608 0.052350 1
-0.974394 0.048546 -1
1.863751 0.158371 1
1.031285 -0.443518 1
-0.170191 0.943441 -1
0.882994 -0.562245 1
0.908618 -0.437072 1
0.672659 0.670177 -1
0.876633 0.459238 -1
1.702234 -0.175700 1
1.812279 -0.061498 1
1.093467 -0.528191 1
0.988560 0.350524 -1
-0.337125 0.981671 -1
0.611881 -0.409304 1
-0.980198 0.340268 -1
0.104753 0.973892 -1
0.857808 0.519123 -1
0.446169 -0.360926 1
1.763251 -0.114072 1
1.960155 0.146825 1
0.398929 0.886143 -1
-0.223613 0.972499 -1
1.373280 -0.410325 1
0.777097 -0.504280 1
-1.019716 0.141065 -1
0.122417 0.099171 1
0.732817 -0.406417 1
0.592788 -0.378569 1
0.509037 0.796141 -1
1.915960 0.199293 1
2.004194 0.377346 1
-0.935397 0.218295 -1
-0.281741 0.884193 -1
-0.088173 1.054465 -1
0.068621 0.089485 1
-0.584392 0.831158 -1
1.987267 0.138556 1
-0.454123 0.914234 -1
0.696186 -0.420925 1
1.288148 -0.407076 1
1.978894 0.117016 1
0.908829 0.390218 -1
1.671196 -0.264396 1
-0.962199 0.276771 -1
0.653618 -0.390662 1
0.798108 0.551499 -1
1.267901 -0.440965 1
1.754465 -0.135194 1
0.061506 0.174830 1
-0.501375 0.880649 -1
-0.619294 0.824951 -1
-0.015590 1.015874 -1
0.016099 0.356103 1
1.799371 -0.026328 1
0.431259 -0.394189 1
0.696439 0.804000 -1
-0.646481 0.755918 -1
0.095799 0.128156 1
0.746204 -0.475267 1
0.069886 0.356510 1
0.151758 0.036535 1
-0.045393 1.053990 -1
-1.026019 0.220535 -1
-0.905066 0.276012 -1
1.349913 -0.394508 1
-0.905330 0.536617 -1
-0.577762 0.795696 -1
0.042271 0.056034 1
0.743739 0.690722 -1
-0.864065 0.496861 -1
0.273447 -0.184523 1
-1.052753 -0.026972 -1
0.727181 0.737423 -1
-0.635505 0.709549 -1
0.647037 0.733166 -1
0.821754 -0.477807 1
0.002385 0.257245 1
1.007598 -0.469615 1
-0.025997 0.396653 1
0.303024 -0.228652 1
0.014480 0.194407 -1
0.008838 0.395556 1
-1.014072 0.082248 -1
0.695513 -0.457593 1
0.042677 0.164380 1
0.157874 -0.006488 1
0.302795 -0.207094 1
0.676016 -0.424278 1
1.990382 0.242366 1
1.447564 -0.399463 1
0.959970 -0.521127 1
1.748092 -0.237927 1
-0.808162 0.560179 -1
-0.396499 0.916743 -1
1.015803 0.111063 -1
0.831493 -0.441573 1
0.865552 0.583171 -1
0.394327 -0.314146 1
0.068071 0.071670 1
0.618844 -0.407315 1
0.604149 -0.427890 1
0.982480 0.168694 -1
1.471738 -0.412657 1
0.773250 0.648068 -1
1.192090 -0.493095 1
2.003948 0.261314 1
0.486082 -0.323263 1
0.912353 0.421240 -1
0.748462 -0.457046 1
0.041461 0.349316 1
0.466513 0.862053 -1
0.967328 0.219045 -1
1.624099 -0.346721 1
1.481019 -0.396427 1
1.959658 0.448661 1
-0.623590 0.788574 -1
1.941363 0.263668 1
0.622763 -0.454323 1
0.368525 -0.287817 1
1.574004 -0.314780 1
1.114856 -0.515123 1
0.875999 0.393158 -1
0.916575 0.243292 -1
-0.481017 0.898886 -1
1.550868 -0.313088 1
0.647273 0.766551 -1
0.769327 -0.468819 1
0.784562 0.615840 -1
-0.706411 0.697822 -1
-0.220647 0.960994 -1
1.815627 -0.074920 1
0.238223 -0.130348 1
0.549575 0.912787 -1
0.247147 0.974259 -1
-0.283815 0.990950 -1
1.336048 -0.448987 1
1.268846 -0.495428 1
1.079749 -0.496279 1
0.196714 0.987677 -1
1.579325 -0.313298 1
-0.889791 0.321594 -1
0.301219 -0.178632 1
0.912009 -0.491572 1
-0.817039 0.615936 -1
1.775361 -0.165197 1
0.080077 0.982170 -1
0.790623 0.623201 -1
1.969529 0.313214 1
0.371983 -0.301348 1
0.959851 -0.480745 1
-0.997991 0.063264 -1
-0.787055 0.631102 -1
0.299776 0.988101 -1
0.780633 0.518408 -1
-1.011756 0.229796 -1
-0.002232 0.471392 1
0.136868 0.972735 -1
0.960066 -0.516000 1
0.002940 0.382169 1
1.894722 0.140905 1
-0.915388 0.400289 -1
0.425750 -0.384201 1
0.358172 0.901717 -1
1.425500 -0.431117 1
0.410842 0.883799 -1
-0.922834 0.518186 -1
1.830692 -0.026806 1
-0.194524 0.944619 -1
0.839210 0.520854 -1
0.911701 0.364236 -1
0.118584 0.131001 1
-0.650411 0.766524 -1
0.076193 0.067627 1
0.741476 0.628814 -1
0.154525 0.942474 -1
0.198595 1.007171 -1
-0.835588 0.602328 -1
-0.749105 0.710041 -1
0.552720 -0.418250 1
0.707371 0.769813 -1
0.885698 -0.544394 1
0.317020 0.969117 -1
-0.852416 0.494098 -1
0.560651 -0.386951 1
0.421419 0.928068 -1
0.429411 -0.308906 1
0.181467 0.971742 -1
-0.787454 0.551622 -1
-0.436432 0.896901 -1
1.419822 -0.406792 1
1.000721 0.028822 -1
-0.857545 0.542104 -1
1.044132 0.152807 -1
0.220299 -0.117161 1
0.052782 0.426366 1
0.449617 0.887009 -1
0.871422 0.473231 -1
1.072465 -0.002823 -1
-1.047165 0.027753 -1
1.222629 -0.503679 1
-0.473762 0.875676 -1
-0.984156 0.284571 -1
1.327133 -0.448224 1
0.790845 0.585486 -1
-0.018995 0.451478 1
0.447803 -0.332449 1
1.025274 -0.522986 1
0.917993 0.428821 -1
-0.789672 0.546286 -1
-0.895461 0.435960 -1
0.402362 -0.325926 1
0.853136 -0.470024 1
0.782646 0.530790 -1
1.621947 -0.311073 1
1.311458 -0.493618 1
0.844890 0.570332 -1
1.787426 -0.192448 1
-0.802165 0.564082 -1
1.544641 -0.293005 1
0.208990 1.007543 -1
-0.180310 0.948786 -1
0.577331 -0.422398 1
0.129539 1.045819 -1
-0.608363 0.827340 -1
0.114811 -0.090275 1
-0.863694 0.560449 -1
0.241365 0.952302 -1
-0.787822 0.645652 -1
1.980824 0.501701 1
1.144757 -0.534662 1
-0.561191 0.836233 -1
0.132390 1.001117 -1
-0.974215 0.079409 -1
1.058636 -0.475505 1
0.211787 -0.085626 1
-0.258168 0.958881 -1
-0.029716 0.454051 1
0.125712 -0.041508 1
0.159898 -0.022681 1
-0.982448 0.200040 -1
1.462874 -0.441792 1
1.990478 0.350760 1
1.181955 -0.477997 1
1.241480 -0.504076 1
0.710510 -0.488274 1
0.688901 -0.458148 1
0.374412 0.895821 -1
-0.182567 0.969487 -1
0.164014 -0.000931 1
-0.962689 0.290773 -1
-0.557132 0.826082 -1
0.960473 -0.489813 1
0.944001 -0.533863 1
0.286023 -0.216498 1
0.852154 0.495933 -1
0.380546 -0.221335 1
0.028159 0.205180 1
0.094889 0.955605 -1
-0.527961 0.854169 -1
-0.851186 0.493450 -1
1.505650 -0.337979 1
0.769272 -0.426904 1
-0.748326 0.614007 -1
1.030712 0.078909 -1
1.575937 -0.315986 1
0.262483 -0.177718 1
0.282749 -0.202880 1
0.897104 0.289071 -1
0.350609 -0.258272 1
-0.776215 0.627174 -1
0.930407 0.351987 -1
1.646304 -0.278113 1
-0.739454 0.731066 -1
-0.913533 0.140697 -1
-0.730441 0.662322 -1
0.904216 0.381396 -1
0.760787 0.629082 -1
0.946263 0.376015 -1
-0.098005 1.052094 -1
0.567373 0.782496 -1
1.956936 0.384372 1
1.029096 0.085869 -1
0.218347 1.033456 -1
-0.640138 0.748399 -1
0.740999 -0.368271 1
0.706272 -0.452471 1
0.971290 -0.012845 -1
-1.066792 0.006244 -1
-0.887408 0.467471 -1
0.128791 -0.025902 1
0.436013 0.926911 -1
1.529376 -0.343428 1
2.035066 0.363549 1
-0.025650 0.273485 1
-0.382528 0.887960 -1
0.185804 0.986055 -1
0.539120 -0.333859 1
1.205962 -0.460914 1
0.962945 -0.476494 1
0.161003 0.986926 -1
0.649943 -0.428454 1
0.462833 -0.309704 1
1.936152 0.412112 1
1.382152 -0.379174 1
1.497987 -0.423054 1
0.308886 -0.149665 1
0.646024 -0.486278 1
0.154926 0.073502 1
1.197534 -0.438833 1
0.823730 0.601921 -1
0.236089 0.975852 -1
0.044183 0.332468 1
-1.016728 0.215545 -1
1.980342 0.300273 1
1.917316 0.091316 1
0.705487 -0.488431 1
-0.194966 1.011038 -1
-0.666091 0.662813 -1
1.022233 0.057663 -1
-1.019334 0.064159 -1
-0.625234 0.735903 -1
-0.102135 0.985519 -1
-0.579058 0.884431 -1
0.015373 0.364673 1
0.031430 0.294574 1
-0.275952 1.006086 -1
-0.183247 0.948977 -1
0.042215 1.049858 -1
0.454379 0.923192 -1
1.003761 -0.534890 1
1.845557 -0.039632 1
2.010531 0.237305 1
0.027634 0.196232 1
0.011847 1.002640 -1
0.721729 -0.394759 1
1.718258 -0.146561 1
0.010246 0.449743 1
1.953108 0.189490 1
0.515506 0.818866 -1
0.315803 0.930049 -1
1.961772 0.184097 1
0.899863 0.522710 -1
-0.848333 0.439664 -1
1.898719 0.075085 1
1.900559 0.014239 1
-0.988126 0.106894 -1
-1.020406 0.050304 -1
-0.190845 0.993369 -1
-0.777154 0.631271 -1
0.189353 0.965358 -1
0.429641 0.902976 -1
0.048725 0.182623 1
0.708233 0.769970 -1
1.137849 -0.487236 1
0.504340 -0.377602 1
0.623098 -0.462978 1
0.635773 -0.444605 1
0.896666 0.431329 -1
0.048546 0.240753 1
1.957986 0.236375 1
0.633418 0.750463 -1
-0.303937 0.989980 -1
-0.495584 0.822369 -1
0.126830 0.982073 -1
0.951580 0.383778 -1
1.939010 0.387434 1
-0.894947 0.505695 -1
0.045228 0.161713 1
1.977529 0.185828 1
0.992430 0.151449 -1
1.646855 -0.249698 1
0.630716 -0.425778 1
-0.902064 0.482227 -1
0.927214 0.396762 -1
-1.004213 0.015557 -1
0.881590 0.383261 -1
0.441193 0.917176 -1
0.575841 -0.399883 1
0.140328 0.968421 -1
