1.912510 0.114823 0.026159
-0.001632 0.297300 0.031124
0.878079 0.358646 0.004243
-0.853978 0.622630 0.004241
1.805085 -0.064224 0.031124
0.449468 0.928605 0.004245
0.148908 -0.003174 0.031124
-0.443252 0.903411 0.004241
-0.707293 0.656553 0.004241
1.618266 -0.223677 0.031124
-0.998418 0.163647 0.004241
-0.003030 0.375729 0.031124
0.255264 1.019846 0.004245
0.168227 0.931505 0.004245
1.964913 0.183801 0.031124
0.079617 0.957447 0.004245
-0.012748 0.231894 0.031124
0.060235 0.092686 0.031124
0.135857 -0.024134 0.031124
0.966832 0.204205 0.004243
0.824859 0.568855 0.004243
-1.027270 0.164357 0.004241
0.241338 0.917874 0.004245
0.350651 0.929412 0.004255
1.945021 0.330914 0.031124
0.014897 0.195256 0.004443
1.953016 0.119760 0.031124
0.720809 0.685928 0.004245
0.965243 0.317311 0.004243
0.915819 -0.504712 0.031124
1.566867 -0.365149 0.031124
-0.629346 0.793299 0.004241
1.881103 0.044225 0.031124
0.483153 -0.330368 0.031124
1.068495 -0.475144 0.031124
1.886484 0.022465 0.031124
-0.812827 0.542198 0.004241
-0.159783 1.002117 0.004245
1.555337 -0.293922 0.031124
1.992318 0.464271 0.031124
-1.020005 0.031198 0.004241
0.741570 0.654870 0.004245
0.340741 0.965891 0.004245
0.264041 -0.138281 0.031124
1.350738 -0.495748 0.031124
-0.049281 1.015612 0.004245
0.359014 0.935086 0.004244
0.948145 0.161337 0.004243
2.061906 0.435268 0.031124
-0.821858 0.641517 0.004241
-0.954165 0.320017 0.004241
1.814441 -0.090256 0.031124
0.709259 -0.454824 0.031124
1.538969 -0.361222 0.031124
1.445650 -0.341118 0.031124
1.077178 -0.500233 0.031124
0.148064 -0.107446 0.031124
0.190970 -0.015960 0.031124
0.912153 -0.461638 0.031124
0.951441 -0.491712 0.031124
0.963682 0.020469 0.004243
0.820200 0.524513 0.004243
0.123312 0.051500 0.031124
-0.220231 0.979617 0.004245
0.013450 1.074224 0.004245
-0.539504 0.825711 0.004241
0.044920 1.026430 0.004245
0.680721 0.750141 0.004245
0.896282 0.545236 0.004243
-0.824007 0.597393 0.004241
1.165249 -0.520786 0.031124
1.935713 0.231822 0.031089
1.548810 -0.303127 0.031124
1.098174 -0.522315 0.031124
0.899868 0.344278 0.004243
0.972504 0.318281 0.004243
1.039077 0.096577 0.004243
1.867240 0.009004 0.031124
1.840938 -0.115764 0.031124
0.955729 0.343597 0.004243
0.122332 0.150533 0.031124
-0.643160 0.778981 0.004241
0.390473 -0.311297 0.031109
0.244433 -0.142002 0.031124
0.958579 -0.546152 0.031124
1.786171 -0.127953 0.031126
0.493262 0.744833 0.004245
0.750220 0.624138 0.004245
0.871630 0.507004 0.004243
0.660077 0.733658 0.004245
-0.935884 0.175962 0.004241
0.008190 1.004121 0.004245
1.424675 -0.405081 0.031124
-0.809014 0.593537 0.004241
0.150068 -0.097565 0.031124
0.015951 0.476396 0.031123
0.487273 0.855234 0.004245
0.339257 0.914286 0.004245
0.206070 -0.120755 0.031124
1.896641 0.017535 0.031124
0.737856 -0.478490 0.031124
1.302371 -0.430749 0.031124
1.961342 0.148635 0.037465
0.243464 -0.141480 0.031124
0.942176 0.179796 0.004243
0.808558 0.529350 0.004243
1.623259 -0.314259 0.031124
1.828785 -0.039397 0.031124
0.777576 0.649511 0.004245
-0.894888 0.436981 0.004241
0.928551 0.162848 0.004243
0.018009 0.371699 0.031123
1.458449 -0.353855 0.031124
2.038550 0.464256 0.031124
-0.532372 0.922807 0.004241
-1.009081 0.034314 0.004241
1.898275 -0.015135 0.031124
0.748816 0.670503 0.004245
-0.880704 0.417035 0.004241
2.005547 0.335400 0.031124
0.402505 0.833840 0.004245
1.868801 0.032714 0.031124
0.405708 -0.283270 0.031124
1.448157 -0.416633 0.031124
0.511790 -0.378114 0.031124
-0.920599 0.475228 0.004241
0.003618 0.392603 0.031124
1.970663 0.415269 0.031124
-0.826555 0.555602 0.004241
0.949128 0.160793 0.004243
1.851126 0.031518 0.031124
1.603365 -0.307072 0.031124
0.831070 0.526128 0.004243
-0.439571 0.927807 0.004241
-0.845807 0.609322 0.004241
-0.205713 1.027854 0.004245
-0.788482 0.643162 0.004241
0.989286 -0.512302 0.031124
0.991552 -0.455757 0.031124
0.858251 0.479848 0.004243
0.537249 -0.407190 0.031124
-0.547013 0.771224 0.004241
0.019987 1.022470 0.004245
0.793488 -0.479005 0.031124
1.841985 -0.058863 0.031124
0.438156 0.866631 0.004245
0.381958 0.920582 0.004245
-0.958426 0.385125 0.004241
0.693766 0.749356 0.004245
0.919388 0.480973 0.004243
0.106205 0.108804 0.031124
-0.098587 1.034206 0.004245
0.419937 0.882212 0.004245
1.587295 -0.269734 0.031124
0.351729 -0.199771 0.031124
1.925370 0.038631 0.031124
0.828929 0.577826 0.004243
0.772026 -0.430839 0.031124
0.006653 0.449287 0.031124
0.174078 0.982213 0.004245
1.993583 0.261716 0.031124
-0.017657 0.386963 0.031124
0.898375 0.477291 0.004243
-0.434569 0.914786 0.004241
0.402972 0.914195 0.004245
0.173234 1.039518 0.004245
-0.989313 0.111548 0.004241
-0.579153 0.809798 0.004241
-1.022138 0.158070 0.004241
1.822538 -0.121814 0.031124
1.936049 0.037715 0.031124
1.233816 -0.478277 0.031124
0.740570 0.659145 0.004245
0.258768 0.988613 0.004245
-0.300059 0.966366 0.004245
0.011763 0.179324 0.031123
0.086031 0.986881 0.004245
1.916497 0.094874 0.031124
-0.890394 0.353483 0.004241
0.926291 0.426597 0.004257
-0.563056 0.834182 0.004241
1.303470 -0.434908 0.031124
-0.564042 0.852855 0.004241
-0.910063 0.302981 0.004241
-0.959275 0.308839 0.004241
0.466555 -0.389179 0.031124
0.057051 0.193893 0.031124
0.279479 -0.233399 0.031124
-0.841247 0.535296 0.004241
-0.958298 0.205865 0.004241
0.207666 -0.050403 0.031124
0.510415 0.842255 0.115582
-0.012545 0.501000 0.031124
-0.806518 0.583865 0.004241
1.152818 -0.454243 0.031124
0.570219 0.843243 0.004245
1.781879 -0.092462 0.031124
1.256597 -0.434281 0.031124
0.017900 0.312734 0.031124
1.667263 -0.266797 0.031124
0.722475 0.660920 0.004245
0.076800 0.995533 0.004245
0.040604 0.136237 0.031124
1.724649 -0.157586 0.031124
0.016916 0.319820 0.031124
0.248272 -0.193731 0.031123
-1.017928 0.046758 0.004241
1.701196 -0.183289 0.031124
0.895687 -0.526652 0.031124
0.020094 1.105284 0.004245
-0.484231 0.876452 0.004241
1.796903 -0.087576 0.031124
0.340718 -0.186367 0.031124
0.621926 -0.408633 0.031130
0.350647 -0.223846 0.031124
-0.952676 0.215263 0.004241
-0.866416 0.556548 0.004241
0.052132 0.227451 0.031124
1.993675 0.395508 0.031124
0.223621 -0.089064 0.031124
0.043295 0.345717 0.031124
0.447527 0.958962 0.004245
0.926123 0.435131 0.004242
0.642850 0.760806 0.003820
-0.992067 0.286926 0.004241
1.590478 -0.337048 0.031124
0.819273 0.534843 0.004243
2.003306 0.311968 0.031124
-0.401542 0.926706 0.004241
0.338110 -0.270839 0.031124
0.194725 -0.117554 0.031124
0.613963 0.787952 0.004245
0.154207 -0.000552 0.031124
-0.972594 0.066860 0.004241
0.197074 -0.045407 0.031124
1.292477 -0.465754 0.031124
0.613369 -0.398929 0.035278
0.378641 -0.325846 0.031123
1.398443 -0.432290 0.031124
0.403932 -0.357284 0.031124
-0.981352 0.152707 0.004241
0.796211 -0.536921 0.031124
0.802036 -0.408611 0.031124
0.471646 -0.330611 0.031124
1.581749 -0.316522 0.031124
0.757802 -0.481864 0.031124
1.087792 -0.513168 0.031124
0.358336 0.897738 0.004245
0.424582 -0.335765 0.031124
-0.630332 0.797128 0.004241
1.221884 -0.519207 0.031124
-0.542663 0.848889 0.004241
0.252192 0.996893 0.004245
1.549625 -0.368064 0.031124
2.038693 0.197686 0.031124
1.817403 -0.046613 0.031124
0.679732 -0.465659 0.031124
1.978170 0.523293 0.031124
0.645847 0.760267 0.003820
0.833864 -0.455205 0.031124
-0.581666 0.821120 0.004241
-0.912025 0.377732 0.004241
-0.406245 0.926733 0.004241
0.727785 -0.392368 0.031124
0.250165 0.965489 0.004245
0.232524 -0.185081 0.031124
0.459278 -0.375722 0.031124
-0.110618 1.018246 0.004245
-0.485362 0.864322 0.004241
1.988175 0.229089 0.031124
1.902959 0.043543 0.031124
1.667900 -0.298246 0.031124
0.190570 0.998853 0.004245
0.053023 0.308211 0.031124
0.399217 -0.210420 0.031124
-0.042988 1.039372 0.004245
0.482743 0.871315 0.004245
1.220222 -0.522995 0.031124
0.041035 0.040183 0.031124
0.046071 0.184956 0.031124
-0.977157 0.229541 0.004241
-0.946815 0.297394 0.004241
1.735267 -0.144281 0.031124
1.663010 -0.348118 0.031124
1.698541 -0.163198 0.031124
1.557689 -0.276555 0.031124
0.687989 0.659558 0.004245
0.345884 0.964849 0.004245
0.825208 0.558930 0.004243
1.035377 0.175461 0.004243
0.927055 0.284168 0.004243
1.262641 -0.446952 0.031124
0.595078 0.816031 0.004245
-0.895380 0.433013 0.004241
1.590525 -0.341090 0.031124
0.051279 0.132610 0.031124
-1.024683 0.134320 0.004241
0.043944 0.273997 0.031124
1.967678 0.208280 0.031124
0.582469 0.723038 0.004245
0.384804 0.908148 0.004245
0.151478 0.027839 0.031124
0.695019 -0.469884 0.031130
-0.446143 0.959439 0.004241
1.301820 -0.433157 0.031124
1.953609 0.193407 0.031124
0.853182 -0.448775 0.031124
1.582547 -0.356506 0.031124
-0.955687 0.159319 0.004241
1.655935 -0.302714 0.031124
1.659907 -0.209560 0.031124
0.854139 -0.545257 0.031124
1.379212 -0.429099 0.031124
1.845669 0.030194 0.031124
0.950959 0.456304 0.004243
-1.050631 0.109450 0.004241
0.510656 0.843847 0.028347
-0.235632 1.007432 0.004245
1.425568 -0.385120 0.031124
0.907436 -0.483446 0.031124
-0.020001 0.205030 0.031124
-0.971460 0.282547 0.004241
1.628988 -0.274934 0.031124
-0.771507 0.557346 0.004241
0.057362 1.035264 0.004245
1.418367 -0.414416 0.031124
0.981326 0.255107 0.004243
1.863410 -0.008520 0.031124
0.773445 0.587516 0.004245
2.031249 0.401782 0.031124
1.882060 -0.016320 0.031124
-0.843741 0.562808 0.004241
0.374203 0.937678 0.004245
-0.904830 0.496131 0.004241
1.371059 -0.452943 0.031124
1.908531 0.013590 0.031124
0.467643 0.773718 0.004245
1.311594 -0.454612 0.031124
-0.893777 0.413206 0.004241
1.027511 0.107940 0.004243
-0.545764 0.891609 0.004241
0.297638 -0.250962 0.031124
0.995140 0.119200 0.004243
0.248911 0.945202 0.004245
-1.007347 0.052617 0.004241
0.083793 0.995921 0.004245
-0.923915 0.152223 0.004241
1.829076 -0.029550 0.031124
1.696207 -0.193716 0.031124
0.883906 0.401641 0.004243
0.930379 -0.459074 0.031124
0.955243 0.251274 0.004243
0.644861 0.762592 0.003820
-0.951223 0.323804 0.004241
0.341082 0.926734 0.004245
0.608914 -0.418360 0.031124
1.965805 0.236482 0.031124
-0.358502 0.956102 0.004245
0.928691 -0.425233 0.031124
-0.546850 0.872787 0.004241
0.946465 -0.462842 0.031124
0.089160 0.972757 0.004245
0.848575 0.604261 0.004243
-0.916558 0.350119 0.004241
0.799385 0.652618 0.004245
1.054348 -0.471936 0.031124
0.393462 0.956170 0.004245
1.642191 -0.235098 0.031124
0.467224 -0.309567 0.031106
0.565275 0.844632 0.004245
0.018333 0.396886 0.031124
-0.465941 0.854703 0.004241
0.918186 -0.472445 0.031124
1.018346 0.070114 0.004243
-0.814549 0.651215 0.004241
0.709310 -0.494698 0.031124
1.772977 -0.179985 0.031124
-0.360910 0.968118 0.004245
0.033335 0.280648 0.031124
-0.001994 0.969166 0.004245
-0.719550 0.781762 0.004241
-0.878767 0.476518 0.004241
1.987965 0.194410 0.031124
-0.195118 0.965726 0.004244
0.303108 0.946458 0.004245
1.870204 0.055027 0.031124
0.966851 0.203097 0.004243
0.020101 0.337277 0.031124
0.215702 -0.098416 0.031124
0.094066 0.067573 0.031124
0.755582 0.641253 0.004245
-0.910949 0.368042 0.004241
0.940569 0.389363 0.004243
1.026924 0.116997 0.004243
-0.753870 0.608325 0.004241
0.184406 -0.110828 0.031124
0.868743 -0.497259 0.031124
1.104685 -0.449330 0.031124
-0.157696 0.993526 0.004245
1.699924 -0.335584 0.031124
-0.873969 0.423121 0.004241
0.525071 0.831017 0.004245
0.948511 -0.508605 0.031124
1.970701 0.311136 0.031124
1.809297 -0.118260 0.031124
-0.910476 0.400461 0.004241
-0.975754 0.234408 0.004241
0.177805 -0.136983 0.031124
-0.980587 0.183072 0.004241
2.041905 0.364817 0.031124
0.192677 -0.162833 0.031124
1.648623 -0.302293 0.031124
-0.015207 0.980627 0.004245
1.665637 -0.286387 0.031124
-0.856923 0.438900 0.004241
0.612452 -0.395878 0.035278
0.286022 -0.185687 0.031124
0.835824 -0.427266 0.031124
0.933801 0.269655 0.004243
0.904721 0.445419 0.004243
0.090093 1.024770 0.004245
0.634455 0.799986 0.004245
-1.015208 0.143936 0.004241
0.898099 0.455474 0.004243
0.529363 -0.388497 0.031124
0.058864 0.104993 0.031124
-0.301226 0.977149 0.004245
0.895523 0.385949 0.004243
0.690042 0.754370 0.004245
-0.595457 0.785284 0.004241
0.929858 0.435001 0.004242
-0.031848 1.001048 0.004245
-0.968313 0.269406 0.004241
1.987045 0.431309 0.031124
0.861649 -0.438144 0.031124
0.115287 1.038555 0.004245
-0.958160 0.311857 0.004241
0.377069 0.963847 0.004245
0.969001 0.367891 0.004243
0.357283 0.937865 0.004244
1.100711 -0.458160 0.031124
1.070620 -0.489384 0.031124
0.970623 0.219550 0.004243
0.439849 -0.332575 0.031124
1.743002 -0.046918 0.031124
2.028685 0.412204 0.031124
-0.310956 0.933717 0.004245
0.158352 0.014892 0.031124
1.841777 -0.006193 0.031124
0.889351 0.402298 0.004243
0.912495 0.354865 0.004243
0.394812 0.923162 0.004245
0.981075 0.240829 0.004243
-0.899258 0.515376 0.004241
0.469110 -0.349897 0.031124
0.590191 -0.403367 0.031124
1.003804 0.092451 0.004243
-0.401105 0.844075 0.004241
0.000018 0.471792 0.031124
-0.810601 0.633000 0.004241
-0.198127 0.948222 0.004245
0.021914 0.551494 0.031124
-0.566916 0.841161 0.004241
1.044059 -0.483989 0.031124
-0.934273 0.195865 0.004241
-0.965113 0.038803 0.004241
0.280826 0.865102 0.004245
0.074371 0.049357 0.031124
1.744220 -0.140495 0.031124
0.704027 -0.441789 0.031124
0.740141 -0.505664 0.031124
1.963662 0.335080 0.031124
0.810399 -0.427930 0.031124
0.246117 -0.188869 0.031123
-0.133700 0.990423 0.004245
0.601698 0.796911 0.004245
0.993229 -0.469617 0.031124
0.728634 -0.436569 0.031124
-0.944727 0.265673 0.004241
-0.850942 0.651535 0.004241
-0.606566 0.782716 0.004241
0.689555 0.687636 0.004245
0.932868 0.450267 0.004243
0.469976 -0.309024 0.031106
0.213885 0.987916 0.004245
0.185638 0.997094 0.004245
0.974055 0.393546 0.004243
0.476491 -0.308885 0.031105
0.133801 0.076244 0.031124
-0.752196 0.649087 0.004241
1.179672 -0.542836 0.031124
1.776556 -0.165303 0.031124
0.487766 -0.318196 0.031124
2.018555 0.274163 0.031124
0.268108 -0.161369 0.031124
1.955175 0.156249 0.037432
0.347449 0.980646 0.004245
-0.030687 1.007155 0.004245
1.318588 -0.460466 0.031124
-0.887216 0.542849 0.004241
0.987625 -0.493714 0.031124
1.764422 -0.144273 0.031124
-1.017728 -0.016609 0.004241
-0.108800 1.030603 0.004245
-0.926926 0.335667 0.004241
2.014281 0.399229 0.031124
0.105993 1.001226 0.004245
0.968473 -0.461350 0.031124
0.626081 0.869400 0.004245
0.486458 -0.386118 0.031124
1.050108 0.080900 0.004243
0.289548 -0.218181 0.031124
1.787455 0.030194 0.031124
-0.514820 0.914219 0.004241
-0.760982 0.585264 0.004241
1.407616 -0.478239 0.031124
0.160099 0.054449 0.031124
1.873088 -0.045694 0.031124
-0.989691 0.008141 0.004241
-0.142380 1.044099 0.004245
1.494305 -0.360344 0.031124
1.009952 -0.477734 0.031124
-0.006897 0.442226 0.031124
-1.012549 0.175282 0.004241
1.714875 -0.186385 0.031124
1.647810 -0.181114 0.031124
1.984658 0.488166 0.031124
0.091178 0.097700 0.031124
0.772446 0.607968 0.004245
-0.619702 0.766936 0.004241
0.181630 -0.054961 0.031124
-0.731765 0.650682 0.004241
1.662041 -0.244244 0.031124
0.740856 0.740198 0.004245
1.653872 -0.267175 0.031124
0.295754 0.958551 0.004245
0.963614 0.379542 0.004243
0.186691 0.945917 0.004245
-0.194611 1.020524 0.004245
0.415141 -0.210797 0.031124
-0.238481 0.999903 0.004245
-0.544229 0.789140 0.004241
-0.884111 0.418694 0.004241
-0.777165 0.628127 0.004241
-0.957832 0.384804 0.004241
0.292806 0.931684 0.004245
0.993497 0.331140 0.004243
-0.945214 0.219032 0.004241
0.516620 0.831897 0.004245
-0.040504 0.428000 0.031124
0.209042 -0.195249 0.031124
0.853927 0.444401 0.004243
1.933477 0.082690 0.031124
-0.927597 0.386396 0.004241
-0.366149 0.932325 0.004242
0.210597 -0.077119 0.031124
1.651356 -0.254274 0.031124
-0.026236 0.441043 0.031124
0.933479 0.375846 0.004243
0.493308 -0.343686 0.031124
1.009873 0.086322 0.004243
1.493888 -0.339717 0.031124
1.256431 -0.420344 0.031124
-0.956056 0.291867 0.004241
0.894999 0.437557 0.004243
1.869003 -0.046038 0.031124
0.997896 0.197820 0.004243
-0.551994 0.868263 0.004241
0.348462 0.919190 0.004245
1.307785 -0.455897 0.031124
0.502795 0.840590 -0.001236
0.218108 0.966213 0.004245
0.553824 0.855888 0.004245
0.304347 0.883057 0.004245
0.107779 0.088962 0.031124
0.384010 -0.267573 0.031124
-0.606883 0.776747 0.004241
-0.026646 1.019739 0.004245
0.044812 0.193480 0.031124
-0.821250 0.617669 0.004241
0.931486 0.288160 0.004243
1.549352 -0.322521 0.031124
0.344848 0.935237 0.004246
0.960679 0.368975 0.004243
0.936399 -0.492236 0.031124
-0.238262 0.874252 0.004245
1.522628 -0.375800 0.031124
0.990735 0.020168 0.004243
-0.729314 0.688824 0.004241
-0.374791 0.929665 0.004242
0.137267 0.966140 0.000178
0.668027 -0.427991 0.031124
-0.510248 0.864710 0.004241
1.916262 0.118535 0.027747
0.354364 0.951355 0.004245
1.532166 -0.325047 0.031124
0.072487 0.101276 0.031124
1.767641 -0.188592 0.031124
1.743572 0.018386 0.031124
0.306207 -0.231266 0.031124
0.017943 0.209499 0.031124
-0.805443 0.575593 0.004241
-0.793499 0.589877 0.004241
-0.836745 0.573181 0.004241
2.010331 0.428279 0.031124
-0.399962 0.922197 0.004241
0.521055 -0.315213 0.031124
-1.005799 0.024007 0.004241
0.161386 -0.059866 0.031124
2.024026 0.508006 0.031124
1.488310 -0.405759 0.031124
0.981582 0.236159 0.004243
0.643789 -0.459538 0.031124
0.509499 -0.351787 0.031124
0.026768 0.183865 0.031124
0.384180 -0.364882 0.031124
0.292358 0.939932 0.004245
-0.131206 0.983491 0.004245
2.032704 0.418473 0.031124
-0.474932 0.905304 0.004241
0.160815 -0.159909 0.031124
0.652647 0.712803 0.004245
-0.355798 0.936532 0.004245
0.203307 -0.134735 0.031124
1.336658 -0.443279 0.031124
1.076387 -0.433235 0.031124
1.362497 -0.507055 0.031124
0.912231 0.470577 0.004243
0.232565 0.992026 0.004245
0.450003 0.867839 0.004245
1.860065 -0.041530 0.031124
0.596883 0.760858 0.004245
0.453801 -0.341032 0.031124
0.034903 1.070955 0.004245
0.348885 -0.244555 0.031124
-0.723442 0.748463 0.004241
0.956994 0.414250 0.004243
0.168616 0.009027 0.031124
0.321607 -0.185244 0.031124
-0.768881 0.715369 0.004241
-0.147845 0.963602 0.004245
-0.880004 0.498819 0.004241
1.985811 0.183620 0.031124
-0.894736 0.334467 0.004241
0.456549 0.910125 0.004245
-0.831325 0.379952 0.004241
1.677727 -0.279906 0.031124
-0.961464 0.231609 0.004241
0.420345 0.937531 0.004245
0.291594 -0.242483 0.031124
1.038857 -0.478628 0.031124
0.419134 0.896958 0.004245
0.001834 0.369428 0.031124
-1.010266 -0.002425 0.004241
1.002302 0.177538 0.004243
0.025100 0.456593 0.031124
-0.350091 0.966947 0.004245
-0.020892 0.419511 0.031124
0.433543 -0.293716 0.031124
1.721807 -0.105155 0.031124
0.032210 0.113056 0.031124
-0.871426 0.481685 0.004241
0.183528 -0.102984 0.031124
1.713373 -0.302768 0.031124
0.739131 0.713932 0.004245
-0.432219 0.914312 0.004241
-0.053104 0.353932 0.031124
-0.462945 0.831950 0.004241
1.835665 -0.081861 0.031124
0.048465 0.087365 0.031124
1.229001 -0.481113 0.031124
-0.963310 0.078929 0.004241
-0.999480 0.054695 0.004241
1.018354 -0.483489 0.031124
0.027357 0.083791 0.031124
1.809538 -0.097314 0.031124
0.915279 0.464384 0.004243
0.140925 0.971080 0.003787
0.122351 0.037355 0.031124
1.915901 0.058024 0.031124
0.090539 1.004862 0.004245
0.235572 -0.174893 0.031124
-0.350719 0.928384 0.004245
-0.974628 0.001601 0.004241
0.935482 -0.456006 0.031124
1.702237 -0.162605 0.031124
1.383152 -0.456626 0.031124
1.960173 0.160365 0.037432
-0.604152 0.826011 0.004241
0.403189 -0.254711 0.031124
0.782331 0.579268 0.004245
1.108381 -0.516655 0.031124
0.701018 0.683463 0.004245
-0.057889 1.032882 0.004245
0.550349 -0.403244 0.031124
0.173201 -0.010135 0.031124
-0.764942 0.688590 0.004241
-0.665855 0.753367 0.004241
0.183312 -0.154129 0.031124
-0.354853 0.925979 0.004245
-0.126489 1.022462 0.004245
1.955697 0.152014 0.037432
1.863790 0.026260 0.031124
0.326361 0.955461 0.004245
-0.623681 0.748653 0.004241
0.513236 0.841591 -0.000110
0.696736 0.706747 0.004245
0.414141 -0.317655 0.031124
1.408881 -0.436669 0.031124
2.002962 0.360495 0.031124
0.985688 0.189989 0.004243
1.692819 -0.209087 0.031124
1.946213 0.349774 0.031124
-0.195518 1.022466 0.004245
1.502643 -0.383296 0.031124
1.241894 -0.491817 0.031124
0.203853 -0.036576 0.031124
0.009650 0.258036 0.031124
-0.937502 0.333984 0.004241
0.790074 0.608453 0.004245
0.116061 0.035303 0.031124
0.486453 -0.366803 0.031124
0.362891 -0.251796 0.031124
0.093274 0.005212 0.031124
0.829907 0.580831 0.004243
-0.997479 0.035026 0.004241
0.261093 -0.188759 0.031124
0.602253 -0.452952 0.031124
1.812576 -0.010251 0.031124
0.295705 0.963112 0.004245
1.950000 0.011928 0.031124
-0.922208 0.436189 0.004241
-0.966478 0.301381 0.004241
-0.733496 0.692742 0.004241
-0.955558 0.173010 0.004241
0.767410 0.656066 0.004245
-0.824226 0.531909 0.004241
1.023992 -0.427904 0.031124
0.991127 -0.000593 0.004243
-0.991070 0.251411 0.004241
1.907092 0.034727 0.031124
0.216349 -0.170860 0.031124
0.184917 -0.085744 0.031124
1.703836 -0.213880 0.031124
0.587330 -0.375333 0.031124
-0.077587 1.010738 0.004245
1.837357 -0.033182 0.031124
-0.865415 0.235325 0.004241
0.929111 0.415106 0.004243
0.970081 0.380571 0.004243
-0.750114 0.708105 0.004241
0.964677 0.258759 0.004243
-0.181507 1.009093 0.004245
0.018534 1.015535 0.004245
1.232064 -0.478692 0.031124
0.230021 0.956532 0.004245
-0.117048 1.015653 0.004245
0.282160 -0.222763 0.031124
0.977597 0.305241 0.004243
0.455816 -0.336753 0.031124
-0.895665 0.295193 0.004241
0.654303 0.771952 0.004245
-0.145482 1.008209 0.004245
0.137552 0.995504 0.004245
1.805959 -0.068716 0.031124
0.507073 0.843052 -0.000266
1.088190 -0.522058 0.031124
-0.312894 0.941359 0.004245
0.948617 0.228674 0.004243
0.288790 -0.190919 0.031124
0.015925 0.428127 0.031124
0.921997 0.432692 0.004242
0.555908 0.795963 0.004245
0.452179 0.874138 0.004245
0.305863 -0.175583 0.031124
1.000052 -0.473218 0.031124
2.014487 0.463745 0.031124
2.015614 0.260534 0.031124
1.331724 -0.458465 0.031124
0.890783 -0.547490 0.031124
0.027469 0.177037 0.031124
1.387481 -0.512803 0.031124
1.138230 -0.436110 0.031124
1.054711 -0.458852 0.031124
0.911473 0.350354 0.004243
1.009323 0.376739 0.004243
1.496165 -0.382521 0.031124
0.531567 0.887780 0.004245
0.877471 0.429098 0.004243
-0.836267 0.629748 0.004241
0.571641 -0.417458 0.031124
1.566714 -0.305475 0.031124
1.479706 -0.408504 0.031124
-0.032053 0.442643 0.031124
-0.895062 0.457164 0.004241
-0.426341 0.865127 0.004241
-0.669393 0.686898 0.004241
2.012196 0.489094 0.031124
0.782486 0.534544 0.004243
-0.409245 0.904307 0.004241
-0.424382 0.923914 0.004241
0.752032 0.674317 0.004245
1.614607 -0.298541 0.031124
0.745503 0.625354 0.004245
0.977559 0.134586 0.004243
-0.027168 0.391205 0.031124
0.021175 0.163439 0.031124
0.353460 -0.301543 0.031124
0.864343 0.581177 0.004243
2.000841 0.427600 0.031124
0.102787 0.041543 0.031124
0.677147 0.773989 0.004245
-0.752110 0.602173 0.004241
1.961260 0.261087 0.031124
0.997566 0.065790 0.004243
0.314463 -0.185877 0.031124
0.697389 0.677664 0.004245
0.624366 0.779704 0.004245
0.826004 -0.477843 0.031124
0.088333 0.093102 0.031124
0.331732 -0.289431 0.031124
-0.413830 0.930138 0.004241
0.522751 0.893323 0.004245
0.078879 0.112159 0.031124
-0.838867 0.505329 0.004241
0.737873 0.704742 0.004245
-0.871926 0.378406 0.004241
0.696125 0.767149 0.004245
1.909425 0.117620 0.026159
-0.420392 0.870500 0.004241
1.920621 0.102512 0.031124
0.310350 -0.232926 0.031124
1.641213 -0.306797 0.031124
0.035146 0.445667 0.031124
0.606497 0.785285 0.004245
0.611153 -0.486887 0.031124
1.024128 0.043686 0.004243
0.145387 0.965120 0.002860
0.347834 0.968430 0.004245
0.924744 0.259204 0.004243
1.002753 0.054579 0.004243
2.038561 0.334133 0.031124
0.046155 0.223327 0.031124
1.827500 -0.093831 0.031124
0.795519 -0.485441 0.031124
-0.398451 0.881233 0.004241
0.521423 0.845296 0.004237
0.183003 -0.008061 0.031124
-0.698192 0.734662 0.004241
0.929334 0.236360 0.004243
0.836733 -0.481192 0.031124
0.223935 -0.113960 0.031124
-0.572315 0.788939 0.004241
0.175509 -0.025620 0.031124
0.043446 0.251630 0.031124
0.890623 -0.514350 0.031124
-0.975821 0.160295 0.004241
-0.861919 0.398301 0.004241
0.273625 -0.225538 0.031124
1.027465 0.007596 0.004243
0.004483 0.952516 0.004245
-0.784196 0.694194 0.004241
1.169875 -0.399809 0.031124
0.881359 -0.512281 0.031124
0.885647 -0.477909 0.031124
0.993520 0.227365 0.004243
0.989973 0.301903 0.004243
0.772147 0.597829 0.004245
1.948370 0.442787 0.031124
1.748838 -0.105670 0.031124
0.217684 -0.160075 0.031124
0.385565 -0.287288 0.031124
0.144728 1.018324 0.004245
-0.838919 0.601035 0.004241
0.174353 0.989982 0.004245
-0.976075 0.153440 0.004241
0.992484 0.101491 0.004243
0.799179 -0.454820 0.031124
0.384814 -0.251055 0.031124
0.589229 0.798783 0.004245
-0.713274 0.663959 0.004241
1.133460 -0.467347 0.031124
1.606436 -0.250243 0.031124
0.742558 -0.432948 0.031124
1.769102 -0.122463 0.031124
-0.423700 0.935843 0.004241
0.780434 -0.486716 0.031124
-0.092800 0.998487 0.004245
1.167940 -0.533417 0.031124
0.559281 -0.370534 0.031124
0.633040 0.756724 0.004245
-0.027976 0.287021 0.031124
-0.028843 0.448754 0.031124
1.996836 0.472174 0.031124
0.390804 -0.343127 0.031124
1.092985 -0.450415 0.031124
-0.675527 0.713740 0.004241
0.818196 -0.486211 0.031124
0.294997 -0.243270 0.031124
1.627545 -0.308861 0.031124
0.810596 0.507260 0.004243
0.971413 0.228456 0.004243
-0.654846 0.747237 0.004241
0.803266 0.564339 0.004243
1.922858 0.099631 0.031124
0.896229 0.431617 0.004243
1.829325 -0.178914 0.031124
1.707546 -0.249764 0.031124
-0.286364 0.978158 0.004245
0.253497 -0.146303 0.031124
1.976646 0.311904 0.031124
0.262605 0.965196 0.004245
1.922328 0.018303 0.031124
1.492440 -0.437105 0.031124
1.774400 -0.142277 0.031124
0.548354 0.828879 0.004245
0.671194 -0.435134 0.031124
0.598227 0.722503 0.004245
1.485998 -0.388663 0.031124
0.662398 -0.440823 0.031124
1.993250 0.329437 0.031124
-0.900440 0.522569 0.004241
1.786578 -0.065485 0.031124
1.970911 0.428785 0.031124
1.110824 -0.549935 0.031124
0.887757 0.485892 0.004243
0.821922 0.599547 0.004243
-0.821889 0.510794 0.004241
0.017203 0.371730 0.031123
1.558734 -0.332801 0.031124
0.534869 0.874505 0.004245
0.381439 0.958031 0.004245
-0.278990 0.965685 0.004245
0.478837 -0.384226 0.031124
0.952295 0.296019 0.004243
-0.613818 0.772292 0.004241
0.988186 0.033359 0.004243
0.015833 0.469435 0.031123
-0.881869 0.411395 0.004241
0.155934 -0.055664 0.031124
0.190423 0.092919 0.031124
0.011432 0.222004 0.031124
0.050465 0.286246 0.031124
1.837805 -0.070271 0.031124
1.978072 0.411593 0.031124
0.010681 0.526399 0.031124
0.908314 -0.497168 0.031124
2.007731 0.390448 0.031124
1.148985 -0.460503 0.031124
-0.135023 1.022525 0.004245
-0.020696 0.991231 0.004245
-1.004805 0.151034 0.004241
0.898556 0.383451 0.004243
0.712136 0.734402 0.004245
-0.997847 0.043292 0.004241
0.476643 0.861363 0.004245
1.623537 -0.219869 0.031124
1.883799 0.154968 0.031124
-0.228745 0.981567 0.004245
-0.190140 0.989573 0.004245
1.366562 -0.476942 0.031124
1.365081 -0.490872 0.031124
0.236543 -0.110790 0.031124
0.813360 0.520530 0.004243
-1.010779 0.084901 0.004241
-0.055207 1.026177 0.004245
0.509007 -0.393318 0.031124
-0.273618 0.932746 0.004245
-0.708353 0.736823 0.004241
1.150077 -0.471427 0.031124
-0.008703 0.296472 0.031124
0.981974 0.344813 0.004243
0.327795 -0.216052 0.031124
1.879156 0.020664 0.031124
-0.921789 0.294289 0.004241
0.397020 -0.310418 0.031109
-0.468574 0.855966 0.004241
0.235727 0.942054 0.004245
0.064510 0.193553 0.031124
-0.648125 0.693429 0.004241
1.765689 -0.187609 0.031124
0.782353 -0.442351 0.031124
1.359379 -0.397276 0.031124
-0.157242 0.953910 0.004245
-0.264470 0.949658 0.004245
0.128533 0.028246 0.031124
0.509254 0.840843 0.000019
1.985052 0.391329 0.031124
-0.829380 0.458406 0.004241
1.901619 0.004294 0.031124
-0.821890 0.531713 0.004241
0.025076 0.106212 0.031124
0.125149 0.962095 0.004245
0.627191 -0.435108 0.031124
1.992568 0.331884 0.031124
1.523777 -0.392928 0.031124
1.233717 -0.440434 0.031124
-0.646052 0.737241 0.004241
0.477730 -0.307493 0.031105
0.486229 -0.395040 0.031124
0.994783 0.097480 0.004243
1.347593 -0.375404 0.031124
0.438758 0.908542 0.004245
0.850274 -0.457455 0.031124
0.179465 0.953738 0.004245
1.604510 -0.256220 0.031124
-0.275102 1.009515 0.004245
1.017773 0.024593 0.004243
-0.623633 0.774209 0.004241
0.852166 0.491785 0.004243
-0.640928 0.711672 0.004241
1.848623 0.002156 0.031124
0.983986 0.312323 0.004243
-0.061619 0.988679 0.004245
0.055713 0.226392 0.031124
0.503916 0.875336 0.004245
1.271454 -0.374333 0.031124
0.020622 0.147432 0.031124
0.158748 0.965930 0.004245
-0.658974 0.736522 0.004241
-0.004654 0.981249 0.004245
1.678205 -0.238995 0.031124
1.881409 0.127006 0.031124
-0.297450 1.007416 0.004245
0.230803 -0.191301 0.031124
-0.992937 0.055648 0.004241
0.778903 0.577839 0.004245
0.961375 0.234549 0.004243
-0.051257 0.985385 0.004245
1.964058 0.156683 0.037432
0.153648 1.008558 0.004245
-0.209067 0.950233 0.004245
0.134133 0.010909 0.031124
1.786374 -0.034509 0.031124
1.380155 -0.444064 0.031124
1.365220 -0.426788 0.031124
1.947641 0.238498 0.031124
-0.632359 0.742512 0.004241
1.007576 0.131696 0.004243
-0.479477 0.877444 0.004241
1.931757 0.173198 0.031124
0.419624 0.960229 0.004245
0.020483 0.269722 0.031124
-1.001049 0.252010 0.004241
-0.940828 0.371661 0.004241
-0.010945 1.001759 0.004245
0.003017 1.006326 0.004245
0.036299 0.978558 0.004245
1.531476 -0.240197 0.031124
-0.801283 0.550269 0.004241
2.049644 0.289012 0.031124
0.672326 0.685681 0.004245
1.973642 0.468000 0.031124
1.789142 -0.115096 0.031124
-0.067940 1.008824 0.004245
-0.915427 0.424459 0.004241
1.053570 0.040353 0.004243
0.240522 -0.190142 0.031123
1.177068 -0.502816 0.031124
0.074020 0.163449 0.031124
0.064851 0.526110 0.031124
0.008235 0.300041 0.031124
-0.946845 0.306354 0.004241
-0.706774 0.649906 0.004241
-0.135164 1.028714 0.004245
0.695494 0.684918 0.004245
-0.182343 0.967434 0.004245
1.468248 -0.419417 0.031124
-0.336689 0.951106 0.004245
1.463955 -0.380108 0.031124
1.740563 -0.191569 0.031124
-0.680360 0.774835 0.004241
1.100007 -0.515717 0.031124
0.522011 -0.374577 0.031124
-0.799581 0.605061 0.004241
1.517382 -0.347229 0.031124
-0.235820 0.935747 0.004245
0.065899 0.185445 0.031124
0.176947 -0.072120 0.031124
-0.012020 0.394215 0.031124
0.955948 -0.509599 0.031124
1.542273 -0.359586 0.031124
-0.942715 0.429289 0.004241
0.826933 -0.433600 0.031124
0.954770 -0.477476 0.031124
0.991395 0.114939 0.004243
0.029430 0.281367 0.031124
-0.920235 0.397001 0.004241
0.889814 0.416028 0.004243
0.203440 -0.134933 0.031124
1.975423 0.329600 0.031124
0.743423 0.600720 0.004245
-0.253420 0.962836 0.004245
-0.534762 0.833394 0.004241
-0.628718 0.751408 0.004241
-0.012636 0.459236 0.031123
-0.004235 0.403389 0.031124
-0.343475 0.964619 0.004245
1.943862 0.029470 0.031124
-0.572267 0.827126 0.004241
0.195528 0.960533 0.004245
-0.521048 0.838681 0.004241
0.793368 -0.473967 0.031124
1.941631 0.413215 0.031124
-0.834819 0.395700 0.004241
0.724503 -0.421532 0.031124
0.233270 0.974607 0.004245
1.992742 0.234092 0.031124
-0.233428 0.979673 0.004245
0.692221 0.767309 0.004245
1.771129 -0.210993 0.031124
-0.023384 1.009782 0.004245
1.991876 0.496839 0.031124
0.704305 0.742159 0.004245
0.006368 0.190400 0.028699
1.704052 -0.184107 0.031124
0.028433 0.296570 0.031124
-0.009063 0.476905 0.031124
-0.801178 0.596658 0.004241
-0.989778 0.282440 0.004241
0.517313 0.886620 0.004245
-0.502288 0.900184 0.004241
-0.800870 0.570921 0.004241
1.895936 0.212270 0.031124
0.422926 0.939294 0.004245
1.416158 -0.427159 0.031124
-0.572885 0.828541 0.004241
0.853155 -0.516362 0.031124
0.572447 0.842093 0.004245
0.923853 0.309755 0.004243
-0.047671 0.134146 0.031124
-1.000932 0.266114 0.004241
0.896254 0.491138 0.004243
0.701935 0.708993 0.004245
-0.020022 0.975737 0.004245
0.135149 -0.016564 0.031124
1.807013 -0.005231 0.031124
-0.477849 0.930245 0.004241
0.064076 0.367177 0.031124
0.009039 0.342088 0.031124
1.144104 -0.460792 0.031124
1.939103 0.142423 0.031124
0.793307 0.694559 0.004245
0.647833 -0.451633 0.031124
-0.145368 1.009363 0.004245
1.190052 -0.517399 0.031124
-0.997404 -0.002220 0.004241
0.265088 -0.144276 0.031124
-0.312282 0.921468 0.004245
0.739760 0.647946 0.004245
-0.519392 0.862342 0.004241
1.752414 -0.196181 0.031124
-0.546335 0.830117 0.004241
1.944247 0.062786 0.031124
0.434120 0.942026 0.004245
0.300150 1.003185 0.004245
1.938186 0.250387 0.031124
1.962965 0.260341 0.031124
-0.880065 0.504106 0.004241
-0.904837 0.414679 0.004241
0.724211 0.734942 0.004245
0.963549 0.240384 0.004243
0.148881 0.007918 0.031124
0.324879 -0.307471 0.031124
0.172263 -0.058392 0.031124
1.445520 -0.404218 0.031124
-0.609972 0.745198 0.004241
-0.927643 0.409127 0.004241
-0.031470 0.978719 0.004245
0.488834 0.864050 0.004245
1.266705 -0.461827 0.031124
1.001577 -0.505303 0.031124
0.666810 -0.473974 0.031124
0.544381 0.852607 0.004245
1.496747 -0.430941 0.031124
-0.997801 0.205561 0.004241
1.775408 -0.126488 0.031124
0.669563 0.725692 0.004245
0.401112 -0.381485 0.031124
-0.619679 0.772171 0.004241
-0.006921 0.356442 0.031124
-0.783276 0.681139 0.004241
-1.020658 0.062375 0.004241
0.858799 0.578516 0.004243
-0.742856 0.721782 0.004241
0.986941 0.212032 0.004243
0.384556 -0.308065 0.031119
0.662099 0.753085 0.004245
1.701516 -0.271391 0.031124
1.971603 0.361533 0.031124
-0.718920 0.701023 0.004241
0.971276 0.125644 0.004243
0.007074 0.195688 0.028697
0.583381 0.796442 0.004245
0.793367 0.629961 0.004245
-0.976240 0.134026 0.004241
0.139794 0.015933 0.031124
-0.120427 0.938416 0.004245
-1.051499 0.099030 0.004241
1.195741 -0.469714 0.031124
0.145200 -0.049773 0.031124
-0.007197 0.195207 0.031124
-0.573118 0.842047 0.004241
0.012425 0.189233 0.015239
0.982929 0.061460 0.004243
0.030903 1.014844 0.004245
0.608376 -0.459505 0.031124
0.956223 0.155760 0.004243
0.142935 0.011080 0.031124
1.932228 0.230198 0.031089
1.090121 -0.461883 0.031124
1.316034 -0.523481 0.031124
0.499092 0.875212 0.004245
0.865045 -0.474141 0.031124
-0.002220 0.946936 0.004245
0.975608 0.081062 0.004243
-0.727118 0.729267 0.004241
0.480719 0.875441 0.004245
0.537467 0.893240 0.004245
1.362639 -0.460111 0.031124
-0.273879 0.981143 0.004245
1.901617 -0.021502 0.031124
0.307893 -0.260327 0.031124
0.943133 0.280977 0.004243
1.635185 -0.263887 0.031124
0.842922 0.473523 0.004243
1.588829 -0.373860 0.031124
0.536545 0.855065 0.004245
0.355420 -0.303640 0.031124
0.804140 0.510459 0.004243
0.988771 0.034199 0.004243
0.576232 -0.380596 0.031124
0.018443 0.396864 0.031124
-0.755330 0.639397 0.004241
-0.774039 0.702161 0.004241
1.665175 -0.240253 0.031124
0.224277 -0.129047 0.031124
0.586077 -0.390901 0.031124
-1.016552 -0.008799 0.004241
1.521620 -0.303140 0.031124
0.557871 0.785237 0.004245
1.345795 -0.457620 0.031124
0.654847 -0.465591 0.031124
-1.010143 0.176753 0.004241
-0.945777 0.419840 0.004241
0.483342 0.913944 0.004245
-0.788967 0.589079 0.004241
-0.192690 0.968388 0.004244
0.795988 0.631356 0.004245
1.151103 -0.522818 0.031124
0.459410 -0.336793 0.031124
2.015769 0.211155 0.031124
-0.660591 0.803073 0.004241
1.069436 -0.513916 0.031124
0.182222 -0.067426 0.031124
-0.791165 0.543901 0.004241
-1.045247 0.186850 0.004241
1.771834 -0.124287 0.031124
0.060979 0.026650 0.031124
0.301472 -0.107970 0.031124
1.065656 -0.536808 0.031124
-0.364110 1.001547 0.004245
0.206159 -0.105188 0.031124
0.767185 -0.469176 0.031124
0.612953 -0.395162 0.035278
0.012797 0.463811 0.031123
-0.795093 0.498275 0.004241
1.948353 0.075972 0.031124
1.986807 0.325922 0.031124
0.436648 -0.373437 0.031124
-1.007652 0.231091 0.004241
1.173596 -0.535814 0.031124
1.023155 0.131482 0.004243
1.153449 -0.447433 0.031124
1.966868 0.289053 0.031124
1.234777 -0.423488 0.031124
0.541254 0.815167 0.004245
0.584927 0.752273 0.004245
1.500543 -0.402181 0.031124
-0.079695 1.000545 0.004245
1.388935 -0.457648 0.031124
-0.699808 0.700387 0.004241
0.084351 0.152954 0.031124
-0.580294 0.777954 0.004241
-0.008593 0.474228 0.031124
1.967303 0.173997 0.031124
0.256616 1.031064 0.004245
1.556699 -0.264923 0.031124
0.981220 0.035480 0.004243
1.829179 -0.127821 0.031124
1.011904 0.014929 0.004243
-0.979199 0.099956 0.004241
0.364485 0.961233 0.004245
-0.033643 0.377094 0.031124
1.989849 0.252140 0.031124
1.930689 0.204758 0.031124
0.806265 0.627089 0.004245
0.362795 -0.243312 0.031124
0.836883 -0.481906 0.031124
1.512155 -0.332094 0.031124
-0.220975 0.941679 0.004245
0.440216 -0.342747 0.031124
0.670910 -0.444952 0.031124
1.445921 -0.438708 0.031124
0.359882 0.926753 0.004244
1.790894 -0.132452 0.031126
0.980857 -0.516016 0.031124
0.517781 -0.385864 0.031124
0.991019 -0.010869 0.004243
2.008479 0.488073 0.031124
0.040082 0.280032 0.031124
1.082786 -0.478823 0.031124
1.953008 0.207768 0.031124
-0.759446 0.661656 0.004241
1.849017 -0.068320 0.031124
0.069396 0.189390 0.031124
-0.359742 0.954700 0.004245
0.094941 0.139281 0.031124
0.455281 0.888893 0.004245
0.228949 0.950669 0.004245
0.979664 0.065143 0.004243
0.190204 -0.089883 0.031124
-0.931703 0.257631 0.004241
1.770881 -0.157192 0.031124
-0.475680 0.911448 0.004241
1.011981 -0.478934 0.031124
1.287326 -0.464100 0.031124
1.067084 -0.519972 0.031124
-0.609175 0.801863 0.004241
1.007249 0.102742 0.004243
-0.736499 0.705546 0.004241
0.816391 -0.481833 0.031124
0.696002 -0.470360 0.031130
0.991165 0.217239 0.004243
0.539367 0.858822 0.004245
0.089310 1.029886 0.004245
0.004432 0.989139 0.004245
0.687595 0.733037 0.004245
-0.684027 0.758858 0.004241
-0.821824 0.489832 0.004241
1.351425 -0.440915 0.031124
0.865843 -0.489679 0.031124
0.985260 0.121600 0.004243
0.642896 0.751808 0.004245
0.699962 0.639250 0.004245
1.536741 -0.346130 0.031124
0.705916 -0.489188 0.031124
-0.982217 0.054461 0.004241
-0.978334 0.064377 0.004241
1.318671 -0.428044 0.031124
1.278758 -0.476787 0.031124
-0.293108 1.006340 0.004245
1.030361 -0.519544 0.031124
0.729138 0.624769 0.004245
0.923708 -0.533352 0.031124
2.024160 0.337305 0.031124
-0.644827 0.679504 0.004241
-0.549222 0.790952 0.004241
-0.425149 0.926879 0.004241
0.743197 0.691603 0.004245
0.631717 0.806561 0.004245
1.486951 -0.384924 0.031124
-0.919538 0.202073 0.004241
1.660026 -0.213344 0.031124
0.549010 -0.382968 0.031124
1.803686 -0.186720 0.031124
1.812013 -0.089433 0.031124
-0.170145 0.953737 0.004245
0.812920 0.633494 0.004245
0.046881 0.943933 0.004245
-0.189909 0.975342 0.004245
0.025479 0.994439 0.004245
-0.782650 0.643955 0.004241
-0.022252 0.455931 0.031123
0.998261 -0.531288 0.031124
0.707141 0.688592 0.004245
1.489313 -0.306440 0.031124
2.020207 0.342541 0.031124
-0.434069 0.849681 0.004241
2.016880 0.443591 0.031124
1.847427 0.026423 0.031124
1.551982 -0.288457 0.031124
-0.652623 0.731772 0.004241
-0.476488 0.903099 0.004241
0.706252 0.624473 0.004245
1.293345 -0.459968 0.031124
1.275069 -0.430632 0.031124
0.064869 1.045240 0.004245
1.020569 0.123406 0.004243
0.071301 0.141990 0.031124
-0.959217 0.349345 0.004241
1.249205 -0.425086 0.031124
0.903006 0.524667 0.004243
0.466966 -0.372415 0.031124
1.748561 -0.241753 0.031124
0.002643 0.450512 0.031124
1.164389 -0.519285 0.031124
0.438719 0.911892 0.004245
0.724727 -0.462764 0.031124
-0.321165 0.902282 0.004245
-0.887650 0.322480 0.004241
0.548411 0.759363 0.004245
2.002487 0.368235 0.031124
-0.945542 0.384797 0.004241
1.393979 -0.413986 0.031124
1.996383 0.513404 0.031124
0.303631 0.951344 0.004245
1.928694 0.237417 0.031089
0.563712 -0.401512 0.031124
0.142957 0.061893 0.031124
0.023928 0.398717 0.031124
0.853428 0.589927 0.004243
0.139016 0.963759 0.000178
0.087946 -0.010065 0.031124
1.135258 -0.430873 0.031124
1.243985 -0.500463 0.031124
0.672603 -0.468542 0.031124
1.937549 0.231183 0.031089
-0.791110 0.553625 0.004241
1.893897 0.161745 0.031124
0.845708 0.538497 0.004243
-0.728671 0.665241 0.004241
1.522165 -0.359628 0.031124
1.079412 -0.457724 0.031124
1.236140 -0.446767 0.031124
0.957153 0.300932 0.004243
1.780876 -0.133062 0.031126
1.001928 -0.458845 0.031124
1.904557 0.066042 0.031124
-0.949653 0.416513 0.004241
0.185173 0.014638 0.031124
-0.500039 0.882821 0.004241
1.553266 -0.359421 0.031124
0.700878 -0.453718 0.031124
0.329114 -0.275659 0.031124
0.264192 0.931086 0.004245
0.897586 -0.475780 0.031124
1.539610 -0.292417 0.031124
-0.452258 0.882195 0.004241
0.071205 0.224005 0.031124
1.567430 -0.383842 0.031124
0.409428 -0.345020 0.031124
-0.721223 0.670461 0.004241
-0.939029 0.365036 0.004241
-0.642806 0.766761 0.004241
0.021432 0.230217 0.031124
-0.940439 0.254736 0.004241
1.119800 -0.452772 0.031124
1.661973 -0.243083 0.031124
0.926619 0.384955 0.004243
-0.689564 0.749917 0.004241
0.014933 0.530461 0.031124
0.867493 0.599148 0.004243
0.820203 -0.494403 0.031124
0.226167 0.984372 0.004245
1.937090 0.101183 0.031124
1.693291 -0.189552 0.031124
-0.919865 0.358689 0.004241
1.432474 -0.400955 0.031124
1.009752 0.056478 0.004243
2.062263 0.444760 0.031124
0.790853 0.587849 0.004245
-0.257022 0.964656 0.004245
-0.131214 0.994415 0.004245
-0.015234 0.259783 0.031124
0.760562 0.607279 0.004245
0.811740 -0.515509 0.031124
-0.963902 0.183296 0.004241
-0.428264 0.871455 0.004241
-0.988997 0.342052 0.004241
0.872444 0.457050 0.004243
0.573929 -0.366708 0.031124
0.412566 -0.377365 0.031124
0.917936 -0.494390 0.031124
0.122927 0.954579 0.004245
0.976949 0.057620 0.004243
1.932039 0.024117 0.031124
1.501189 -0.355963 0.031124
0.408374 0.956633 0.004245
1.980159 0.466263 0.031124
-0.427981 0.938329 0.004241
-0.135448 0.995297 0.004245
1.916423 0.121182 0.027747
0.963734 0.238172 0.004243
-0.219537 0.931256 0.004245
0.990356 0.186685 0.004243
-0.969217 0.219764 0.004241
0.954944 0.295937 0.004243
-0.326757 0.926174 0.004245
-0.017290 0.957133 0.004245
1.969106 0.360302 0.031124
1.395622 -0.392446 0.031124
-0.998791 0.215394 0.004241
0.992052 0.181225 0.004243
1.952336 0.446851 0.031124
1.226362 -0.489679 0.031124
0.335423 0.954610 0.004245
1.986371 0.400223 0.031124
-0.170465 0.974190 0.004245
0.255220 -0.127234 0.031124
0.836582 0.570363 0.004243
0.091685 0.117508 0.031124
1.980348 0.182013 0.031124
1.977142 0.277244 0.031124
1.987356 0.203340 0.031124
1.592119 -0.334711 0.031124
-0.414359 0.899586 0.004241
-0.403141 0.909805 0.004241
-0.009678 0.344269 0.031124
0.995971 0.274068 0.004243
-0.176439 0.995913 0.004245
0.719007 -0.472770 0.031124
0.266231 0.934185 0.004245
0.840582 0.484483 0.004243
0.181194 0.984470 0.004245
1.942134 0.296315 0.031124
1.963017 0.129278 0.031124
0.106140 0.005894 0.031124
2.020241 0.317558 0.031124
1.016932 -0.470822 0.031122
0.703300 0.697835 0.004245
-0.721135 0.716725 0.004241
1.386974 -0.449184 0.031124
-1.065073 0.111458 0.004241
0.187754 -0.087834 0.031124
0.383053 -0.316362 0.031123
-0.993437 0.084797 0.004241
0.111402 0.999161 0.004245
-0.346484 0.916647 0.004245
1.674352 -0.252223 0.031124
0.980732 0.267554 0.004243
0.650871 0.798502 0.004245
0.478333 -0.358325 0.031124
0.952772 0.192944 0.004243
-0.356886 0.947110 0.004245
-0.505667 0.898528 0.004241
0.980823 0.019590 0.004243
1.278979 -0.438355 0.031124
1.026418 0.120189 0.004243
0.360507 -0.211666 0.031124
0.608647 0.838333 0.004245
0.145313 -0.079125 0.031124
0.434965 0.868785 0.004245
0.011709 1.022909 0.004245
1.873728 -0.056004 0.031124
0.585640 0.772064 0.004245
0.058557 0.158464 0.031124
1.886447 0.027135 0.031124
0.153960 -0.090442 0.031124
0.275786 1.019026 0.004245
1.747426 -0.198489 0.031124
0.990270 0.096088 0.004243
1.222570 -0.409038 0.031124
-0.065620 1.059347 0.004245
0.272658 -0.189674 0.031124
1.724470 -0.182037 0.031124
-0.123456 0.973430 0.004245
0.921484 0.468422 0.004243
1.126432 -0.492218 0.031124
0.695502 0.753448 0.004245
1.944917 0.236820 0.031124
1.008472 -0.463394 0.031124
-0.050413 0.991326 0.004245
-0.634116 0.774717 0.004241
0.164261 0.985157 0.004245
0.566119 -0.449200 0.031124
1.404080 -0.396681 0.031124
1.022926 0.043511 0.004243
-0.913049 0.431976 0.004241
-0.552851 0.852782 0.004241
1.922683 0.074925 0.031124
0.756821 -0.446387 0.031124
2.023601 0.221999 0.031124
0.739376 0.682066 0.004245
-0.587722 0.755482 0.004241
-0.311116 0.958370 0.004245
0.312369 -0.259957 0.031124
-0.938999 0.218932 0.004241
-0.942452 0.275373 0.004241
1.012725 0.134459 0.004243
1.011410 0.107197 0.004243
-0.728958 0.705318 0.004241
1.938261 0.246741 0.031124
1.914836 0.124731 0.027747
-0.002354 0.333409 0.031124
-0.985364 0.090711 0.004241
-0.273547 0.994964 0.004245
1.212022 -0.517629 0.031124
0.119689 0.130900 0.031124
-0.895214 0.529913 0.004241
1.880076 -0.036170 0.031124
1.593994 -0.275328 0.031124
-0.746771 0.660770 0.004241
0.855430 0.536790 0.004243
0.191336 0.979330 0.004245
1.797013 -0.103765 0.031124
0.613862 -0.423037 0.031124
0.796763 0.605695 0.004245
0.091806 0.953560 0.004245
0.256747 -0.182984 0.031124
0.758176 -0.494565 0.031124
0.303596 -0.256756 0.031124
-0.245218 1.024362 0.004245
1.466301 -0.387201 0.031124
0.541230 0.858127 0.004245
1.947123 0.105142 0.031124
-0.291633 0.938739 0.004245
1.783810 -0.147968 0.031124
1.981929 0.485974 0.031124
0.908853 0.281257 0.004243
0.666353 0.766408 0.004245
0.211509 -0.108087 0.031124
0.028439 0.305182 0.031124
-0.433095 0.887468 0.004241
0.845003 0.601570 0.004243
-0.900128 0.430113 0.004241
0.821096 0.463476 0.004243
0.013053 0.473266 0.031123
-0.998121 0.141527 0.004241
0.348517 -0.251693 0.031124
1.927608 0.052350 0.031124
-0.974394 0.048546 0.004241
1.863751 0.158371 0.031124
1.031285 -0.443518 0.031124
-0.170191 0.943441 0.004245
0.882994 -0.562245 0.031124
0.908618 -0.437072 0.031124
0.672659 0.670177 0.004245
0.876633 0.459238 0.004243
1.702234 -0.175700 0.031124
1.812279 -0.061498 0.031124
1.093467 -0.528191 0.031124
0.988560 0.350524 0.004243
-0.337125 0.981671 0.004245
0.611881 -0.409304 0.031130
-0.980198 0.340268 0.004241
0.104753 0.973892 0.004245
0.857808 0.519123 0.004243
0.446169 -0.360926 0.031124
1.763251 -0.114072 0.031124
1.960155 0.146825 0.037465
0.398929 0.886143 0.004245
-0.223613 0.972499 0.004245
1.373280 -0.410325 0.031124
0.777097 -0.504280 0.031124
-1.019716 0.141065 0.004241
0.122417 0.099171 0.031124
0.732817 -0.406417 0.031124
0.592788 -0.378569 0.031124
0.509037 0.796141 0.004245
1.915960 0.199293 0.031124
2.004194 0.377346 0.031124
-0.935397 0.218295 0.004241
-0.281741 0.884193 0.004245
-0.088173 1.054465 0.004245
0.068621 0.089485 0.031124
-0.584392 0.831158 0.004241
1.987267 0.138556 0.031124
-0.454123 0.914234 0.004241
0.696186 -0.420925 0.031124
1.288148 -0.407076 0.031124
1.978894 0.117016 0.031124
0.908829 0.390218 0.004243
1.671196 -0.264396 0.031124
-0.962199 0.276771 0.004241
0.653618 -0.390662 0.031124
0.798108 0.551499 0.004243
1.267901 -0.440965 0.031124
1.754465 -0.135194 0.031124
0.061506 0.174830 0.031124
-0.501375 0.880649 0.004241
-0.619294 0.824951 0.004241
-0.015590 1.015874 0.004245
0.016099 0.356103 0.031123
1.799371 -0.026328 0.031124
0.431259 -0.394189 0.031124
0.696439 0.804000 0.004245
-0.646481 0.755918 0.004241
0.095799 0.128156 0.031124
0.746204 -0.475267 0.031124
0.069886 0.356510 0.031124
0.151758 0.036535 0.031124
-0.045393 1.053990 0.004245
-1.026019 0.220535 0.004241
-0.905066 0.276012 0.004241
1.349913 -0.394508 0.031124
-0.905330 0.536617 0.004241
-0.577762 0.795696 0.004241
0.042271 0.056034 0.031124
0.743739 0.690722 0.004245
-0.864065 0.496861 0.004241
0.273447 -0.184523 0.031124
-1.052753 -0.026972 0.004241
0.727181 0.737423 0.004245
-0.635505 0.709549 0.004241
0.647037 0.733166 0.004245
0.821754 -0.477807 0.031124
0.002385 0.257245 0.031124
1.007598 -0.469615 0.031124
-0.025997 0.396653 0.031124
0.303024 -0.228652 0.031124
0.014480 0.194407 0.004443
0.008838 0.395556 0.031124
-1.014072 0.082248 0.004241
0.695513 -0.457593 0.031124
0.042677 0.164380 0.031124
0.157874 -0.006488 0.031124
0.302795 -0.207094 0.031124
0.676016 -0.424278 0.031124
1.990382 0.242366 0.031124
1.447564 -0.399463 0.031124
0.959970 -0.521127 0.031124
1.748092 -0.237927 0.031124
-0.808162 0.560179 0.004241
-0.396499 0.916743 0.004241
1.015803 0.111063 0.004243
0.831493 -0.441573 0.031124
0.865552 0.583171 0.004243
0.394327 -0.314146 0.031109
0.068071 0.071670 0.031124
0.618844 -0.407315 0.031130
0.604149 -0.427890 0.031124
0.982480 0.168694 0.004243
1.471738 -0.412657 0.031124
0.773250 0.648068 0.004245
1.192090 -0.493095 0.031124
2.003948 0.261314 0.031124
0.486082 -0.323263 0.031124
0.912353 0.421240 0.004243
0.748462 -0.457046 0.031124
0.041461 0.349316 0.031124
0.466513 0.862053 0.004245
0.967328 0.219045 0.004243
1.624099 -0.346721 0.031124
1.481019 -0.396427 0.031124
1.959658 0.448661 0.031124
-0.623590 0.788574 0.004241
1.941363 0.263668 0.031124
0.622763 -0.454323 0.031124
0.368525 -0.287817 0.031124
1.574004 -0.314780 0.031124
1.114856 -0.515123 0.031124
0.875999 0.393158 0.004243
0.916575 0.243292 0.004243
-0.481017 0.898886 0.004241
1.550868 -0.313088 0.031124
0.647273 0.766551 0.003820
0.769327 -0.468819 0.031124
0.784562 0.615840 0.004245
-0.706411 0.697822 0.004241
-0.220647 0.960994 0.004245
1.815627 -0.074920 0.031124
0.238223 -0.130348 0.031124
0.549575 0.912787 0.004245
0.247147 0.974259 0.004245
-0.283815 0.990950 0.004245
1.336048 -0.448987 0.031124
1.268846 -0.495428 0.031124
1.079749 -0.496279 0.031124
0.196714 0.987677 0.004245
1.579325 -0.313298 0.031124
-0.889791 0.321594 0.004241
0.301219 -0.178632 0.031124
0.912009 -0.491572 0.031124
-0.817039 0.615936 0.004241
1.775361 -0.165197 0.031124
0.080077 0.982170 0.004245
0.790623 0.623201 0.004245
1.969529 0.313214 0.031124
0.371983 -0.301348 0.031124
0.959851 -0.480745 0.031124
-0.997991 0.063264 0.004241
-0.787055 0.631102 0.004241
0.299776 0.988101 0.004245
0.780633 0.518408 0.004243
-1.011756 0.229796 0.004241
-0.002232 0.471392 0.031124
0.136868 0.972735 0.003787
0.960066 -0.516000 0.031124
0.002940 0.382169 0.031124
1.894722 0.140905 0.031124
-0.915388 0.400289 0.004241
0.425750 -0.384201 0.031124
0.358172 0.901717 0.004245
1.425500 -0.431117 0.031124
0.410842 0.883799 0.004245
-0.922834 0.518186 0.004241
1.830692 -0.026806 0.031124
-0.194524 0.944619 0.004245
0.839210 0.520854 0.004243
0.911701 0.364236 0.004243
0.118584 0.131001 0.031124
-0.650411 0.766524 0.004241
0.076193 0.067627 0.031124
0.741476 0.628814 0.004245
0.154525 0.942474 0.004245
0.198595 1.007171 0.004245
-0.835588 0.602328 0.004241
-0.749105 0.710041 0.004241
0.552720 -0.418250 0.031124
0.707371 0.769813 0.004245
0.885698 -0.544394 0.031124
0.317020 0.969117 0.004245
-0.852416 0.494098 0.004241
0.560651 -0.386951 0.031124
0.421419 0.928068 0.004245
0.429411 -0.308906 0.031124
0.181467 0.971742 0.004245
-0.787454 0.551622 0.004241
-0.436432 0.896901 0.004241
1.419822 -0.406792 0.031124
1.000721 0.028822 0.004243
-0.857545 0.542104 0.004241
1.044132 0.152807 0.004243
0.220299 -0.117161 0.031124
0.052782 0.426366 0.031124
0.449617 0.887009 0.004245
0.871422 0.473231 0.004243
1.072465 -0.002823 0.004243
-1.047165 0.027753 0.004241
1.222629 -0.503679 0.031124
-0.473762 0.875676 0.004241
-0.984156 0.284571 0.004241
1.327133 -0.448224 0.031124
0.790845 0.585486 0.004245
-0.018995 0.451478 0.031123
0.447803 -0.332449 0.031124
1.025274 -0.522986 0.031124
0.917993 0.428821 0.004243
-0.789672 0.546286 0.004241
-0.895461 0.435960 0.004241
0.402362 -0.325926 0.031124
0.853136 -0.470024 0.031124
0.782646 0.530790 0.004243
1.621947 -0.311073 0.031124
1.311458 -0.493618 0.031124
0.844890 0.570332 0.004243
1.787426 -0.192448 0.031124
-0.802165 0.564082 0.004241
1.544641 -0.293005 0.031124
0.208990 1.007543 0.004245
-0.180310 0.948786 0.004245
0.577331 -0.422398 0.031124
0.129539 1.045819 0.004245
-0.608363 0.827340 0.004241
0.114811 -0.090275 0.031124
-0.863694 0.560449 0.004241
0.241365 0.952302 0.004245
-0.787822 0.645652 0.004241
1.980824 0.501701 0.031124
1.144757 -0.534662 0.031124
-0.561191 0.836233 0.004241
0.132390 1.001117 0.004245
-0.974215 0.079409 0.004241
1.058636 -0.475505 0.031124
0.211787 -0.085626 0.031124
-0.258168 0.958881 0.004245
-0.029716 0.454051 0.031124
0.125712 -0.041508 0.031124
0.159898 -0.022681 0.031124
-0.982448 0.200040 0.004241
1.462874 -0.441792 0.031124
1.990478 0.350760 0.031124
1.181955 -0.477997 0.031124
1.241480 -0.504076 0.031124
0.710510 -0.488274 0.031124
0.688901 -0.458148 0.031124
0.374412 0.895821 0.004245
-0.182567 0.969487 0.004245
0.164014 -0.000931 0.031124
-0.962689 0.290773 0.004241
-0.557132 0.826082 0.004241
0.960473 -0.489813 0.031124
0.944001 -0.533863 0.031124
0.286023 -0.216498 0.031124
0.852154 0.495933 0.004243
0.380546 -0.221335 0.031124
0.028159 0.205180 0.031124
0.094889 0.955605 0.004245
-0.527961 0.854169 0.004241
-0.851186 0.493450 0.004241
1.505650 -0.337979 0.031124
0.769272 -0.426904 0.031124
-0.748326 0.614007 0.004241
1.030712 0.078909 0.004243
1.575937 -0.315986 0.031124
0.262483 -0.177718 0.031124
0.282749 -0.202880 0.031124
0.897104 0.289071 0.004243
0.350609 -0.258272 0.031124
-0.776215 0.627174 0.004241
0.930407 0.351987 0.004243
1.646304 -0.278113 0.031124
-0.739454 0.731066 0.004241
-0.913533 0.140697 0.004241
-0.730441 0.662322 0.004241
0.904216 0.381396 0.004243
0.760787 0.629082 0.004245
0.946263 0.376015 0.004243
-0.098005 1.052094 0.004245
0.567373 0.782496 0.004245
1.956936 0.384372 0.031124
1.029096 0.085869 0.004243
0.218347 1.033456 0.004245
-0.640138 0.748399 0.004241
0.740999 -0.368271 0.031124
0.706272 -0.452471 0.031124
0.971290 -0.012845 0.004243
-1.066792 0.006244 0.004241
-0.887408 0.467471 0.004241
0.128791 -0.025902 0.031124
0.436013 0.926911 0.004245
1.529376 -0.343428 0.031124
2.035066 0.363549 0.031124
-0.025650 0.273485 0.031124
-0.382528 0.887960 0.004241
0.185804 0.986055 0.004245
0.539120 -0.333859 0.031124
1.205962 -0.460914 0.031124
0.962945 -0.476494 0.031124
0.161003 0.986926 0.004245
0.649943 -0.428454 0.031124
0.462833 -0.309704 0.031106
1.936152 0.412112 0.031124
1.382152 -0.379174 0.031124
1.497987 -0.423054 0.031124
0.308886 -0.149665 0.031124
0.646024 -0.486278 0.031124
0.154926 0.073502 0.031124
1.197534 -0.438833 0.031124
0.823730 0.601921 0.004243
0.236089 0.975852 0.004245
0.044183 0.332468 0.031124
-1.016728 0.215545 0.004241
1.980342 0.300273 0.031124
1.917316 0.091316 0.031124
0.705487 -0.488431 0.031124
-0.194966 1.011038 0.004245
-0.666091 0.662813 0.004241
1.022233 0.057663 0.004243
-1.019334 0.064159 0.004241
-0.625234 0.735903 0.004241
-0.102135 0.985519 0.004245
-0.579058 0.884431 0.004241
0.015373 0.364673 0.031123
0.031430 0.294574 0.031124
-0.275952 1.006086 0.004245
-0.183247 0.948977 0.004245
0.042215 1.049858 0.004245
0.454379 0.923192 0.004245
1.003761 -0.534890 0.031124
1.845557 -0.039632 0.031124
2.010531 0.237305 0.031124
0.027634 0.196232 0.031124
0.011847 1.002640 0.004245
0.721729 -0.394759 0.031124
1.718258 -0.146561 0.031124
0.010246 0.449743 0.031124
1.953108 0.189490 0.031124
0.515506 0.818866 0.004245
0.315803 0.930049 0.004245
1.961772 0.184097 0.031124
0.899863 0.522710 0.004243
-0.848333 0.439664 0.004241
1.898719 0.075085 0.031124
1.900559 0.014239 0.031124
-0.988126 0.106894 0.004241
-1.020406 0.050304 0.004241
-0.190845 0.993369 0.004245
-0.777154 0.631271 0.004241
0.189353 0.965358 0.004245
0.429641 0.902976 0.004245
0.048725 0.182623 0.031124
0.708233 0.769970 0.004245
1.137849 -0.487236 0.031124
0.504340 -0.377602 0.031124
0.623098 -0.462978 0.031124
0.635773 -0.444605 0.031124
0.896666 0.431329 0.004243
0.048546 0.240753 0.031124
1.957986 0.236375 0.031124
0.633418 0.750463 0.004245
-0.303937 0.989980 0.004245
-0.495584 0.822369 0.004241
0.126830 0.982073 0.004245
0.951580 0.383778 0.004243
1.939010 0.387434 0.031124
-0.894947 0.505695 0.004241
0.045228 0.161713 0.031124
1.977529 0.185828 0.031124
0.992430 0.151449 0.004243
1.646855 -0.249698 0.031124
0.630716 -0.425778 0.031124
-0.902064 0.482227 0.004241
0.927214 0.396762 0.004243
-1.004213 0.015557 0.004241
0.881590 0.383261 0.004243
0.441193 0.917176 0.004245
0.575841 -0.399883 0.031124
0.140328 0.968421 0.003787
